    19.40  41.35    5   36  0.67130E+07  0.46618E+07 5001
    19.70  40.05    0    2  0.00000E+00  0.36750E+07 5002
    20.00  39.85    0    2  0.00000E+00  0.54369E+07 5003
    19.40  41.15    0    5  0.00000E+00  0.47530E+07 5004
    19.40  41.85    0    4  0.00000E+00  0.50312E+07 5005
    19.40  40.35    0    1  0.00000E+00  0.59850E+07 5006
    20.00  39.85    1    7  0.70000E+07  0.50000E+07 5007
    19.40  41.85    2   16  0.77023E+07  0.48139E+07 5008
    19.30  40.45    5   33  0.63000E+07  0.47727E+07 5009
    7.40  37.15    0    2  0.00000E+00  0.41075E+07 5010
    4.40  36.95    0    1  0.00000E+00  0.49219E+07 5012
    -1.60  35.25    0   29  0.00000E+00  0.46794E+07 5013
    -1.80  35.15    0   28  0.00000E+00  0.46875E+07 5014
    2.40  36.65    6   42  0.65333E+07  0.46667E+07 5015
    6.90  36.95    0    4  0.00000E+00  0.48333E+07 5016
    6.70  37.05    0    6  0.00000E+00  0.45296E+07 5017
    6.60  37.05    2   10  0.49458E+07  0.49458E+07 5018
    6.90  36.95    0    2  0.00000E+00  0.47796E+07 5019
    -0.70  35.75   36  297  0.63194E+07  0.47138E+07 5020
    -0.70  35.75    0    5  0.00000E+00  0.48668E+07 5021
    -0.20  35.85    0    6  0.00000E+00  0.49788E+07 5022
    -0.10  35.85    0    4  0.00000E+00  0.47906E+07 5023
    0.00  35.85    0    5  0.00000E+00  0.44543E+07 5024
    0.00  35.95    1    9  0.87091E+07  0.48384E+07 5025
    0.30  36.15    0    5  0.00000E+00  0.43400E+07 5026
    0.50  36.25    0    2  0.00000E+00  0.50750E+07 5027
    0.00  35.85    0    5  0.00000E+00  0.49350E+07 5028
    0.00  35.85    0    6  0.00000E+00  0.47833E+07 5029
    0.00  35.85    0    2  0.00000E+00  0.51156E+07 5030
    15.30  43.75    0    2  0.00000E+00  0.53419E+07 5034
    14.30  44.75    0    1  0.00000E+00  0.47775E+07 5037
    18.10  42.55    0   11  0.00000E+00  0.49223E+07 5039
    16.40  43.15    0    2  0.00000E+00  0.41738E+07 5042
    16.20  43.35    2   10  0.48108E+07  0.48108E+07 5044
    17.00  43.05    0    5  0.00000E+00  0.48641E+07 5049
    14.40  44.45    0    2  0.00000E+00  0.51188E+07 5050
    13.50  45.35    0    1  0.00000E+00  0.63700E+07 5056
    16.40  43.25    0    1  0.00000E+00  0.68250E+07 5063
    13.50  45.25    0    2  0.00000E+00  0.37634E+07 5064
    13.50  45.25    0    3  0.00000E+00  0.40075E+07 5065
    13.80  44.85    3   23  0.53398E+07  0.47514E+07 5067
    13.80  44.85    0    2  0.00000E+00  0.38824E+07 5068
    13.60  45.05    0    4  0.00000E+00  0.43509E+07 5072
    16.20  43.35    0   68  0.00000E+00  0.46918E+07 5074
    16.40  43.25    0    1  0.00000E+00  0.56700E+07 5075
    15.90  43.55    0    8  0.00000E+00  0.49055E+07 5077
    13.50  45.45    0    3  0.00000E+00  0.54294E+07 5078
    15.80  43.55    0    1  0.00000E+00  0.68250E+07 5080
    15.00  43.95    0    6  0.00000E+00  0.47396E+07 5081
    33.70  34.95    0    1  0.00000E+00  0.49000E+07 5083
    33.70  34.95    0    4  0.00000E+00  0.48125E+07 5085
    33.70  34.85    0    3  0.00000E+00  0.49583E+07 5086
    32.90  34.55    0    3  0.00000E+00  0.45500E+07 5087
    32.90  34.55    0    2  0.00000E+00  0.39375E+07 5088
    32.80  34.55    0    1  0.00000E+00  0.61250E+07 5089
    33.10  34.65    0    1  0.00000E+00  0.61250E+07 5090
    32.70  34.55    0    1  0.00000E+00  0.52500E+07 5091
    33.10  34.65    0    1  0.00000E+00  0.61250E+07 5092
    33.10  34.65    0    3  0.00000E+00  0.40833E+07 5093
    33.10  34.65    0    1  0.00000E+00  0.66500E+07 5094
    33.10  34.65    0    7  0.00000E+00  0.47500E+07 5097
    32.40  35.15    0    2  0.00000E+00  0.48125E+07 5098
    32.30  34.85    0    3  0.00000E+00  0.40833E+07 5099
    32.40  34.75    0    2  0.00000E+00  0.50750E+07 5100
    32.40  34.75    0    4  0.00000E+00  0.43750E+07 5101
    32.40  34.75    0    1  0.00000E+00  0.61250E+07 5102
    32.30  34.85    0    2  0.00000E+00  0.39375E+07 5103
    32.40  34.75    0    3  0.00000E+00  0.51333E+07 5104
    33.90  34.95    0    2  0.00000E+00  0.39375E+07 5105
    34.00  35.15    0    2  0.00000E+00  0.52500E+07 5106
    34.10  34.95    0    5  0.00000E+00  0.50750E+07 5107
    33.60  34.75    0    1  0.00000E+00  0.66500E+07 5108
    33.60  34.75    0    2  0.00000E+00  0.43750E+07 5109
    33.70  34.85    0    2  0.00000E+00  0.45500E+07 5110
    33.70  34.95    0    2  0.00000E+00  0.48125E+07 5111
    33.80  34.95    0    2  0.00000E+00  0.36750E+07 5112
    33.70  34.95    0    1  0.00000E+00  0.61250E+07 5113
    33.80  34.95    0    2  0.00000E+00  0.39375E+07 5114
    34.00  34.95    0    2  0.00000E+00  0.47250E+07 5115
    33.90  34.95    0    2  0.00000E+00  0.46375E+07 5116
    30.10  31.35    0   15  0.00000E+00  0.48125E+07 5117
    29.90  31.25    0  563  0.00000E+00  0.47169E+07 5118
    29.90  31.25    0  428  0.00000E+00  0.47225E+07 5119
    29.90  31.25    0   14  0.00000E+00  0.46875E+07 5120
    29.90  31.25    0   46  0.00000E+00  0.47554E+07 5121
    29.90  31.25    0    4  0.00000E+00  0.43750E+07 5122
    29.40  30.95    0   33  0.00000E+00  0.47727E+07 5123
    29.90  31.25    0    6  0.00000E+00  0.51042E+07 5124
    29.50  31.05    0    9  0.00000E+00  0.48611E+07 5125
    30.20  31.55    0    9  0.00000E+00  0.48611E+07 5126
    30.70  31.55    0    2  0.00000E+00  0.57750E+07 5127
    31.10  31.65    0    9  0.00000E+00  0.48611E+07 5128
    30.90  31.65    0   17  0.00000E+00  0.47610E+07 5129
    30.80  31.55    0   23  0.00000E+00  0.47554E+07 5130
    31.40  31.55    0   19  0.00000E+00  0.46053E+07 5131
    31.60  31.55    0    1  0.00000E+00  0.65625E+07 5132
    32.00  31.45    0    4  0.00000E+00  0.43750E+07 5133
    32.00  31.45    0   19  0.00000E+00  0.46053E+07 5134
    32.00  31.45    0    2  0.00000E+00  0.56875E+07 5135
    32.00  31.45    0    2  0.00000E+00  0.45938E+07 5136
    32.00  31.45    0    3  0.00000E+00  0.39375E+07 5137
    32.00  31.45    0    1  0.00000E+00  0.70000E+07 5138
    32.00  31.45    0    2  0.00000E+00  0.43750E+07 5139
    32.00  31.45    0   28  0.00000E+00  0.46875E+07 5140
    28.50  31.15    1   10  0.92400E+07  0.46200E+07 5141
    30.50  31.55    1    8  0.79800E+07  0.49875E+07 5142
    27.30  31.45    0   46  0.00000E+00  0.47554E+07 5143
    32.40  31.25    0   34  0.00000E+00  0.47610E+07 5144
    30.30  31.45    0   19  0.00000E+00  0.46053E+07 5147
    31.40  31.55    2   13  0.59463E+07  0.45740E+07 5148
    9.60  42.45    0    3  0.00000E+00  0.39375E+07 5152
    3.10  42.65    0    1  0.00000E+00  0.47250E+07 5153
    8.60  42.05    0    1  0.00000E+00  0.70000E+07 5154
    9.60  42.45    0    2  0.00000E+00  0.52500E+07 5155
    3.10  42.65    0    1  0.00000E+00  0.58538E+07 5158
    3.10  42.85    0    2  0.00000E+00  0.41016E+07 5164
    9.00  42.65    0    5  0.00000E+00  0.45938E+07 5166
    3.60  43.35    0    7  0.00000E+00  0.48125E+07 5167
    3.60  43.35    0    3  0.00000E+00  0.45354E+07 5168
    8.80  41.65    0    1  0.00000E+00  0.59719E+07 5169
    4.00  43.45    0    6  0.00000E+00  0.43385E+07 5170
    3.40  43.25    0    2  0.00000E+00  0.54688E+07 5171
    4.90  43.35    0    4  0.00000E+00  0.42634E+07 5172
    8.80  41.65    0    3  0.00000E+00  0.52500E+07 5178
    3.50  43.25    0   33  0.00000E+00  0.47197E+07 5183
    8.70  41.85    0   15  0.00000E+00  0.46667E+07 5184
    7.20  43.65    0   37  0.00000E+00  0.46993E+07 5185
    3.10  42.55    0   16  0.00000E+00  0.46484E+07 5186
    3.20  42.45    0    6  0.00000E+00  0.49219E+07 5187
    9.50  42.75    0   18  0.00000E+00  0.48125E+07 5188
    9.50  42.65    0   18  0.00000E+00  0.46127E+07 5189
    5.10  43.25    0    4  0.00000E+00  0.45938E+07 5190
    9.20  41.35    0    3  0.00000E+00  0.52500E+07 5191
    9.60  42.55    0    5  0.00000E+00  0.48702E+07 5192
    6.40  43.05    0   13  0.00000E+00  0.45433E+07 5193
    7.20  43.65    0   21  0.00000E+00  0.47917E+07 5194
    8.70  42.55    0   25  0.00000E+00  0.47250E+07 5195
    7.00  43.55    0  157  0.00000E+00  0.47273E+07 5196
    5.50  43.15    0    5  0.00000E+00  0.43312E+07 5197
    6.50  43.15    0    9  0.00000E+00  0.49583E+07 5198
    5.20  43.25    0    1  0.00000E+00  0.70000E+07 5199
    3.10  42.55    0   12  0.00000E+00  0.48781E+07 5200
    6.80  43.35    0   81  0.00000E+00  0.47341E+07 5201
    3.10  43.05    0    9  0.00000E+00  0.48125E+07 5203
    6.20  43.05    0   19  0.00000E+00  0.48155E+07 5204
    5.00  43.35    0    9  0.00000E+00  0.48125E+07 5205
    5.60  43.15    0    9  0.00000E+00  0.48611E+07 5206
    4.10  43.45    0   11  0.00000E+00  0.47727E+07 5207
    6.30  43.05    0    6  0.00000E+00  0.51042E+07 5208
    4.00  43.45    0  121  0.00000E+00  0.47004E+07 5209
    4.00  43.45    0    2  0.00000E+00  0.49241E+07 5210
    3.10  42.75    0    8  0.00000E+00  0.44784E+07 5211
    4.10  43.45    0    6  0.00000E+00  0.44479E+07 5212
    3.10  42.85    0    4  0.00000E+00  0.45719E+07 5213
    5.20  43.25    0   13  0.00000E+00  0.46197E+07 5214
    5.30  43.25    0  256  0.00000E+00  0.47180E+07 5215
    5.00  43.35    0   11  0.00000E+00  0.48268E+07 5216
    7.50  43.75    0   10  0.00000E+00  0.49074E+07 5217
    3.20  43.15    0    3  0.00000E+00  0.40833E+07 5218
    7.30  43.65    0  120  0.00000E+00  0.47259E+07 5219
    3.90  43.45    0    7  0.00000E+00  0.46875E+07 5220
    8.70  41.85    0   14  0.00000E+00  0.47812E+07 5221
    3.10  43.05    0    2  0.00000E+00  0.48803E+07 5222
    9.40  41.55    0    4  0.00000E+00  0.49219E+07 5223
    8.80  41.65    0   12  0.00000E+00  0.45789E+07 5224
    6.70  43.25    0    3  0.00000E+00  0.45938E+07 5225
    5.20  43.25    0    3  0.00000E+00  0.46667E+07 5226
    7.50  43.75    0    8  0.00000E+00  0.44812E+07 5227
    6.70  43.35    0    7  0.00000E+00  0.47456E+07 5228
    5.00  43.35    0    8  0.00000E+00  0.49219E+07 5229
    6.70  43.25    0    5  0.00000E+00  0.48422E+07 5230
    4.40  43.35    0    3  0.00000E+00  0.43750E+07 5231
    6.70  43.25    0    5  0.00000E+00  0.44975E+07 5232
    5.70  43.15    0   10  0.00000E+00  0.48125E+07 5233
    9.60  42.35    0    2  0.00000E+00  0.41278E+07 5234
    5.10  43.25    0    5  0.00000E+00  0.45500E+07 5235
    3.70  43.35    0   25  0.00000E+00  0.47250E+07 5236
    3.10  42.65    0   12  0.00000E+00  0.48125E+07 5237
    5.70  43.15    0   10  0.00000E+00  0.44953E+07 5238
    6.80  43.35    0   19  0.00000E+00  0.46421E+07 5239
    4.40  43.35    0    1  0.00000E+00  0.52500E+07 5240
    6.00  43.05    0   23  0.00000E+00  0.47263E+07 5241
    5.90  43.05    0   74  0.00000E+00  0.47297E+07 5242
    7.10  43.55    0   21  0.00000E+00  0.46875E+07 5243
    3.30  43.25    0   10  0.00000E+00  0.46375E+07 5244
    3.30  43.25    0    3  0.00000E+00  0.39594E+07 5245
    23.10  37.25    5   30  0.56980E+07  0.47762E+07 5246
    20.90  38.65    0    3  0.00000E+00  0.48067E+07 5247
    22.90  39.15    0    1  0.00000E+00  0.52850E+07 5248
    25.30  35.35    0    3  0.00000E+00  0.42642E+07 5250
    23.50  38.85    0    4  0.00000E+00  0.44362E+07 5252
    20.60  38.55    0    3  0.00000E+00  0.54119E+07 5253
    22.10  36.95    0    3  0.00000E+00  0.52832E+07 5255
    25.80  35.25    0    3  0.00000E+00  0.41708E+07 5257
    25.50  36.35    0    1  0.00000E+00  0.69248E+07 5258
    22.60  40.05    0    5  0.00000E+00  0.48192E+07 5259
    27.00  36.85    0    3  0.00000E+00  0.53258E+07 5260
    23.30  39.35    1    7  0.68320E+07  0.48800E+07 5261
    23.50  39.15    2   13  0.61250E+07  0.47115E+07 5264
    24.40  40.85    1    9  0.80500E+07  0.45840E+07 5265
    23.50  37.85    0    1  0.00000E+00  0.50954E+07 5266
    27.20  36.95    0    3  0.00000E+00  0.46667E+07 5267
    23.90  39.15    1    7  0.67900E+07  0.48500E+07 5269
    27.00  36.75    0    3  0.00000E+00  0.40833E+07 5271
    20.50  38.35    0    3  0.00000E+00  0.40950E+07 5273
    22.90  39.15    0    2  0.00000E+00  0.53882E+07 5274
    24.00  40.05    0    3  0.00000E+00  0.54092E+07 5277
    21.40  38.25   11   72  0.61648E+07  0.47092E+07 5278
    23.80  37.75    0    4  0.00000E+00  0.47250E+07 5280
    26.90  37.15    1    9  0.77595E+07  0.45865E+07 5281
    25.00  37.35    2   11  0.52378E+07  0.47616E+07 5284
    25.00  37.85    0    2  0.00000E+00  0.45500E+07 5285
    23.00  38.95    2   12  0.57085E+07  0.47571E+07 5287
    21.70  36.75    0    2  0.00000E+00  0.56718E+07 5288
    24.60  38.75    0    3  0.00000E+00  0.50400E+07 5289
    24.60  37.15    0    3  0.00000E+00  0.39988E+07 5292
    23.60  37.75    0    3  0.00000E+00  0.46317E+07 5293
    20.00  39.55   13   89  0.64615E+07  0.47340E+07 5296
    23.00  37.85    0    3  0.00000E+00  0.53317E+07 5297
    23.40  37.55    0    1  0.00000E+00  0.47950E+07 5298
    21.30  38.05    0    1  0.00000E+00  0.67216E+07 5299
    23.80  37.75    0    3  0.00000E+00  0.47483E+07 5301
    23.50  40.05    0    2  0.00000E+00  0.45238E+07 5302
    26.50  37.35    1    7  0.63945E+07  0.45675E+07 5303
    22.80  40.55    0    3  0.00000E+00  0.52500E+07 5304
    24.40  36.75    0    2  0.00000E+00  0.52500E+07 5305
    24.30  38.25    0    4  0.00000E+00  0.45150E+07 5309
    23.00  38.95    0    4  0.00000E+00  0.41738E+07 5310
    28.00  36.05    0    2  0.00000E+00  0.43750E+07 5311
    20.80  38.05    0    2  0.00000E+00  0.38270E+07 5312
    25.30  35.35    0    6  0.00000E+00  0.50138E+07 5315
    26.90  37.85    0    1  0.00000E+00  0.68862E+07 5318
    26.10  39.35    0    3  0.00000E+00  0.53317E+07 5319
    23.70  35.15    0    2  0.00000E+00  0.53725E+07 5320
    20.70  38.45    0    3  0.00000E+00  0.43750E+07 5321
    24.00  35.55    0    2  0.00000E+00  0.37944E+07 5322
    23.00  38.95    0    1  0.00000E+00  0.64750E+07 5324
    27.90  36.55    0    1  0.00000E+00  0.52688E+07 5325
    23.50  38.85    0    3  0.00000E+00  0.52972E+07 5328
    21.40  38.25    0    5  0.00000E+00  0.49234E+07 5329
    21.00  38.55    1    9  0.80920E+07  0.44956E+07 5330
    24.10  38.05    0    3  0.00000E+00  0.50750E+07 5333
    27.20  36.95    0    4  0.00000E+00  0.43225E+07 5335
    22.90  37.15    0    5  0.00000E+00  0.47075E+07 5337
    23.00  37.85    0    2  0.00000E+00  0.42823E+07 5338
    26.10  39.35    8   53  0.61250E+07  0.47250E+07 5339
    24.70  35.05    0    2  0.00000E+00  0.54315E+07 5340
    23.00  38.95    0    4  0.00000E+00  0.47381E+07 5341
    25.00  39.85    0    2  0.00000E+00  0.55399E+07 5342
    24.20  38.45    0    4  0.00000E+00  0.46266E+07 5343
    24.20  38.65    0    4  0.00000E+00  0.48125E+07 5345
    20.20  39.45    0    3  0.00000E+00  0.51450E+07 5346
    23.00  39.25    0    5  0.00000E+00  0.49000E+07 5347
    21.60  36.95    0    4  0.00000E+00  0.51507E+07 5348
    24.60  40.55    0    2  0.00000E+00  0.45938E+07 5349
    23.00  36.45    0    1  0.00000E+00  0.59193E+07 5353
    23.70  35.55    0    1  0.00000E+00  0.50750E+07 5355
    22.90  39.25    0    3  0.00000E+00  0.39824E+07 5356
    23.80  38.75    0    3  0.00000E+00  0.41703E+07 5357
    26.90  37.65    0    4  0.00000E+00  0.44548E+07 5358
    22.60  40.25    0    5  0.00000E+00  0.49920E+07 5359
    24.40  37.95    0    2  0.00000E+00  0.48519E+07 5361
    23.80  40.75    0    3  0.00000E+00  0.45908E+07 5362
    21.00  37.75    0    5  0.00000E+00  0.50365E+07 5363
    23.40  37.35    0    1  0.00000E+00  0.54857E+07 5364
    24.80  40.75    0    2  0.00000E+00  0.36400E+07 5366
    25.40  36.45    3   22  0.68833E+07  0.48258E+07 5367
    25.10  37.45    1    7  0.65450E+07  0.46750E+07 5368
    23.20  37.95    0    4  0.00000E+00  0.52259E+07 5369
    21.50  37.15    0    7  0.00000E+00  0.44356E+07 5370
    23.80  39.15    0    2  0.00000E+00  0.36925E+07 5374
    22.60  36.75    0    2  0.00000E+00  0.48677E+07 5375
    23.80  40.65    0    2  0.00000E+00  0.53773E+07 5376
    24.30  40.75    0    3  0.00000E+00  0.54062E+07 5377
    26.70  37.85    1    9  0.77630E+07  0.46873E+07 5379
    23.90  37.65    0    3  0.00000E+00  0.51966E+07 5380
    23.40  37.75    0    3  0.00000E+00  0.52558E+07 5381
    24.10  37.75    0    2  0.00000E+00  0.58222E+07 5383
    22.80  37.45    0    1  0.00000E+00  0.70034E+07 5384
    23.80  38.75    0    3  0.00000E+00  0.48755E+07 5386
    21.60  37.25    2   14  0.66938E+07  0.47812E+07 5387
    23.20  37.25    0    3  0.00000E+00  0.54658E+07 5389
    21.20  37.95    0    4  0.00000E+00  0.52554E+07 5390
    25.40  36.45    0    6  0.00000E+00  0.43269E+07 5391
    25.90  40.75    0   10  0.00000E+00  0.48125E+07 5392
    23.10  40.25    0    4  0.00000E+00  0.52773E+07 5393
    23.30  37.95    0    4  0.00000E+00  0.51384E+07 5394
    23.70  37.85    0  904  0.00000E+00  0.47186E+07 5395
    28.20  36.45    0   13  0.00000E+00  0.45756E+07 5396
    25.80  35.15    0   39  0.00000E+00  0.46965E+07 5397
    25.20  35.35    0    5  0.00000E+00  0.50470E+07 5399
    21.30  37.75    0    7  0.00000E+00  0.43925E+07 5400
    22.80  37.55    0    8  0.00000E+00  0.46484E+07 5401
    20.40  38.15    0    6  0.00000E+00  0.49219E+07 5402
    24.10  37.95    3   17  0.54250E+07  0.47868E+07 5403
    24.00  35.55    0    5  0.00000E+00  0.50409E+07 5405
    25.40  35.35    0    3  0.00000E+00  0.46608E+07 5406
    26.20  38.35    0    9  0.00000E+00  0.47269E+07 5407
    23.40  37.95    3   18  0.56000E+07  0.46667E+07 5408
    25.00  37.45    0    9  0.00000E+00  0.45320E+07 5409
    22.80  40.55    0   13  0.00000E+00  0.46823E+07 5410
    25.70  34.95    0    3  0.00000E+00  0.52500E+07 5411
    20.20  39.45    0    9  0.00000E+00  0.47401E+07 5412
    25.10  35.35    0   43  0.00000E+00  0.47504E+07 5413
    22.10  36.95    0   27  0.00000E+00  0.47103E+07 5414
    23.50  40.05    0    3  0.00000E+00  0.43750E+07 5415
    26.90  36.95    0    5  0.00000E+00  0.44870E+07 5416
    22.60  40.25    0   27  0.00000E+00  0.47231E+07 5417
    21.40  38.25    0    5  0.00000E+00  0.51188E+07 5418
    24.40  40.85    0   14  0.00000E+00  0.47975E+07 5419
    19.90  39.65    0   14  0.00000E+00  0.45619E+07 5420
    23.00  37.85    0    1  0.00000E+00  0.65625E+07 5421
    23.00  37.85    0   15  0.00000E+00  0.46325E+07 5422
    27.30  36.95    1   18  0.87500E+07  0.45889E+07 5423
    20.70  38.85    0    5  0.00000E+00  0.51625E+07 5425
    20.10  39.45    0    8  0.00000E+00  0.44669E+07 5426
    22.60  40.15    0    5  0.00000E+00  0.46130E+07 5427
    25.50  35.35    0    1  0.00000E+00  0.65625E+07 5428
    21.40  38.25    0    1  0.00000E+00  0.61250E+07 5429
    23.70  37.85    0   13  0.00000E+00  0.48455E+07 5430
    25.30  37.45    0   10  0.00000E+00  0.45404E+07 5431
    26.60  39.15    0   12  0.00000E+00  0.48840E+07 5432
    24.00  35.55    0   13  0.00000E+00  0.46012E+07 5433
    25.20  37.15    0    7  0.00000E+00  0.49813E+07 5435
    25.40  37.15    0    5  0.00000E+00  0.44625E+07 5436
    24.10  38.05    0    2  0.00000E+00  0.49788E+07 5437
    24.10  38.05    0    3  0.00000E+00  0.52500E+07 5438
    23.50  37.55    0    6  0.00000E+00  0.45238E+07 5440
    24.80  40.75    0    4  0.00000E+00  0.43750E+07 5441
    20.70  38.95    0    6  0.00000E+00  0.49576E+07 5442
    21.40  37.55    1   14  0.72730E+07  0.45506E+07 5443
    24.10  38.05    0    2  0.00000E+00  0.54688E+07 5444
    24.50  35.45    0   15  0.00000E+00  0.46445E+07 5445
    28.20  36.45    0    8  0.00000E+00  0.49459E+07 5446
    26.10  35.25    0    9  0.00000E+00  0.49593E+07 5447
    23.50  39.15    0    3  0.00000E+00  0.45938E+07 5448
    22.80  40.55    0  210  0.00000E+00  0.47083E+07 5449
    22.80  37.55    0   38  0.00000E+00  0.47662E+07 5450
    23.00  39.25    0   39  0.00000E+00  0.46749E+07 5451
    20.90  37.85    0   10  0.00000E+00  0.48729E+07 5453
    35.00  32.95    0    1  0.00000E+00  0.47950E+07 5454
    34.60  31.85    0    9  0.00000E+00  0.46613E+07 5455
    34.70  32.05    0   20  0.00000E+00  0.47946E+07 5456
    34.30  31.45    0    5  0.00000E+00  0.47941E+07 5458
    34.80  32.35    0    3  0.00000E+00  0.39958E+07 5459
    34.90  32.55    0   17  0.00000E+00  0.46532E+07 5460
    34.70  32.15    0   16  0.00000E+00  0.46632E+07 5461
    34.80  32.45    0    4  0.00000E+00  0.41945E+07 5462
    34.80  32.25    0    7  0.00000E+00  0.44520E+07 5463
    35.00  32.95    0    6  0.00000E+00  0.47944E+07 5464
    34.80  32.25    0   17  0.00000E+00  0.47240E+07 5465
    34.50  31.65    0    3  0.00000E+00  0.39958E+07 5466
    34.80  32.25    0    3  0.00000E+00  0.44748E+07 5467
    34.80  32.25    0    3  0.00000E+00  0.49542E+07 5468
    34.40  31.55    0    8  0.00000E+00  0.44953E+07 5469
    34.70  31.95    0    5  0.00000E+00  0.50339E+07 5470
    15.00  40.15    0   97  0.00000E+00  0.47191E+07 5471
    15.20  37.55    2   13  0.63686E+07  0.48989E+07 5472
    15.20  37.65    6   39  0.61694E+07  0.47457E+07 5473
    13.70  37.15    2   21  0.62147E+07  0.46857E+07 5474
    14.90  40.35    0   13  0.00000E+00  0.46289E+07 5475
    8.20  43.95    1   10  0.78939E+07  0.46377E+07 5476
    14.00  42.85    0    4  0.00000E+00  0.51704E+07 5477
    8.30  44.05    3   21  0.56581E+07  0.47488E+07 5478
    8.50  44.25    0    6  0.00000E+00  0.50988E+07 5480
    8.30  40.55    1   11  0.85686E+07  0.48036E+07 5481
    15.40  37.95    0    2  0.00000E+00  0.45465E+07 5482
    13.60  38.05    0    4  0.00000E+00  0.50842E+07 5483
    14.60  40.55    0    4  0.00000E+00  0.46769E+07 5484
    16.00  39.15    0    5  0.00000E+00  0.46264E+07 5485
    13.50  43.65    3   28  0.71765E+07  0.47416E+07 5486
    12.60  41.45    2   19  0.56620E+07  0.47184E+07 5487
    13.40  45.55    0    3  0.00000E+00  0.41055E+07 5488
    8.70  44.35    0    7  0.00000E+00  0.48056E+07 5489
    9.50  41.15    0    8  0.00000E+00  0.47460E+07 5490
    9.10  39.15    0    6  0.00000E+00  0.46816E+07 5491
    15.30  37.25    4   26  0.60188E+07  0.46298E+07 5492
    15.20  36.95    1   11  0.66778E+07  0.48060E+07 5493
    14.10  40.75    0   10  0.00000E+00  0.45383E+07 5494
    13.60  38.05    2   34  0.58772E+07  0.47536E+07 5495
    15.80  38.35    0    7  0.00000E+00  0.43977E+07 5496
    15.10  38.15    1   26  0.87608E+07  0.46331E+07 5497
    16.90  41.15   11  196  0.61218E+07  0.47241E+07 5498
    16.30  41.35    3   58  0.65862E+07  0.46842E+07 5499
    12.50  44.15    0   12  0.00000E+00  0.45943E+07 5500
    15.80  39.65    0    3  0.00000E+00  0.52147E+07 5501
    16.20  38.05    0    3  0.00000E+00  0.41965E+07 5502
    13.10  45.55    0    3  0.00000E+00  0.51973E+07 5503
    16.50  41.25    2   19  0.57253E+07  0.47711E+07 5504
    7.70  43.75    0    7  0.00000E+00  0.44686E+07 5505
    8.30  44.15    0    2  0.00000E+00  0.44056E+07 5506
    8.40  40.25    0    5  0.00000E+00  0.46997E+07 5507
    15.90  37.85    0    1  0.00000E+00  0.65951E+07 5508
    16.20  38.15    0    3  0.00000E+00  0.48584E+07 5509
    16.10  37.95    0    3  0.00000E+00  0.45290E+07 5510
    18.00  40.65    3   32  0.62814E+07  0.46620E+07 5511
    14.80  38.25    0    2  0.00000E+00  0.48337E+07 5512
    8.40  39.85    0    6  0.00000E+00  0.43919E+07 5513
    9.10  39.15    5   55  0.66065E+07  0.47547E+07 5514
    15.70  41.95    0    6  0.00000E+00  0.44899E+07 5515
    9.70  40.25    0    5  0.00000E+00  0.49168E+07 5516
    13.70  43.55    0    3  0.00000E+00  0.39939E+07 5517
    9.10  44.35    0    3  0.00000E+00  0.54102E+07 5518
    17.60  40.25    0    4  0.00000E+00  0.51744E+07 5519
    16.10  39.05    0    2  0.00000E+00  0.40310E+07 5520
    12.90  45.55    0    3  0.00000E+00  0.51869E+07 5521
    13.20  38.25    0    6  0.00000E+00  0.50839E+07 5522
    11.40  42.35    0    3  0.00000E+00  0.41445E+07 5523
    14.70  38.15    0    8  0.00000E+00  0.47211E+07 5524
    18.40  39.75    0    3  0.00000E+00  0.52687E+07 5525
    14.30  40.55    0    4  0.00000E+00  0.52639E+07 5526
    17.00  39.55    0    5  0.00000E+00  0.49879E+07 5527
    17.80  40.75    0   10  0.00000E+00  0.46598E+07 5528
    13.90  40.75    0    5  0.00000E+00  0.48031E+07 5529
    13.90  41.05    0   15  0.00000E+00  0.45950E+07 5530
    13.60  38.05    1    8  0.77210E+07  0.48256E+07 5531
    14.90  40.25    0    5  0.00000E+00  0.47008E+07 5532
    12.90  38.05    2   11  0.53144E+07  0.48313E+07 5533
    8.70  40.95    0    4  0.00000E+00  0.42208E+07 5534
    10.40  43.35    0    1  0.00000E+00  0.63890E+07 5535
    10.90  42.75    0    5  0.00000E+00  0.42995E+07 5536
    15.10  38.15    0    4  0.00000E+00  0.51239E+07 5537
    15.10  37.45   10  181  0.62258E+07  0.47296E+07 5538
    16.70  38.85    3   57  0.65311E+07  0.47265E+07 5539
    12.70  44.05    0    6  0.00000E+00  0.46215E+07 5540
    10.50  43.25    0   10  0.00000E+00  0.47165E+07 5541
    14.00  38.05    0    5  0.00000E+00  0.45875E+07 5542
    8.60  44.35    0    3  0.00000E+00  0.52514E+07 5543
    12.40  44.25    0    8  0.00000E+00  0.45586E+07 5544
    12.40  44.25    0    9  0.00000E+00  0.46873E+07 5545
    15.90  39.45    0    6  0.00000E+00  0.48818E+07 5546
    9.30  44.25    0   17  0.00000E+00  0.46827E+07 5547
    12.40  45.25    2   18  0.53311E+07  0.46894E+07 5548
    13.00  38.15    0    8  0.00000E+00  0.44857E+07 5549
    17.20  39.35    0    9  0.00000E+00  0.47756E+07 5550
    13.70  43.35    1   25  0.85388E+07  0.46963E+07 5551
    11.80  42.05    2   32  0.54814E+07  0.47106E+07 5552
    12.30  44.65    0    8  0.00000E+00  0.47971E+07 5554
    12.40  45.05    0    9  0.00000E+00  0.47162E+07 5555
    17.20  39.05    2   22  0.64462E+07  0.46393E+07 5556
    13.90  43.05    0    3  0.00000E+00  0.51898E+07 5557
    15.80  39.65    0    2  0.00000E+00  0.45087E+07 5558
    13.60  45.55    0    5  0.00000E+00  0.50098E+07 5559
    9.10  39.15    0    6  0.00000E+00  0.46852E+07 5560
    12.70  45.45    0    8  0.00000E+00  0.46359E+07 5561
    14.30  40.75    6   41  0.64204E+07  0.46979E+07 5562
    12.50  38.05    0   17  0.00000E+00  0.48454E+07 5563
    13.40  43.65    0   10  0.00000E+00  0.46124E+07 5564
    15.10  38.15    0    2  0.00000E+00  0.42172E+07 5565
    13.10  43.85    2   39  0.67102E+07  0.47316E+07 5566
    13.90  43.15    1   23  0.79451E+07  0.47498E+07 5567
    8.40  44.15    0    4  0.00000E+00  0.48499E+07 5569
    12.20  41.75    2   24  0.72101E+07  0.47567E+07 5570
    15.30  37.15    0    8  0.00000E+00  0.47668E+07 5571
    12.80  41.35    4   42  0.62271E+07  0.46951E+07 5572
    10.70  42.85    0    8  0.00000E+00  0.46014E+07 5573
    13.90  40.75    2   13  0.60476E+07  0.46520E+07 5574
    13.60  41.25    1   13  0.78714E+07  0.47935E+07 5575
    10.10  43.95    0    5  0.00000E+00  0.44814E+07 5576
    14.60  42.25    0    4  0.00000E+00  0.44937E+07 5577
    14.30  42.45    0    9  0.00000E+00  0.45283E+07 5578
    16.00  39.35    0    3  0.00000E+00  0.46084E+07 5579
    12.80  44.05    0    4  0.00000E+00  0.42814E+07 5580
    13.60  41.25    0    8  0.00000E+00  0.45029E+07 5581
    18.40  39.85    0    3  0.00000E+00  0.52957E+07 5582
    17.90  40.05    0   13  0.00000E+00  0.46729E+07 5583
    14.20  37.05    3   47  0.54046E+07  0.47434E+07 5584
    9.10  44.35   21  215  0.60975E+07  0.47149E+07 5585
    15.30  37.75    0    6  0.00000E+00  0.46383E+07 5586
    15.20  37.75    0   17  0.00000E+00  0.46915E+07 5587
    15.90  38.45    0   11  0.00000E+00  0.48560E+07 5588
    16.70  41.25    0    7  0.00000E+00  0.49027E+07 5589
    14.00  42.75    0    8  0.00000E+00  0.48846E+07 5590
    9.60  40.95    0    1  0.00000E+00  0.68665E+07 5591
    12.30  44.75    0    2  0.00000E+00  0.57404E+07 5592
    13.90  42.95    0    5  0.00000E+00  0.51690E+07 5594
    12.70  45.45    0    9  0.00000E+00  0.46609E+07 5595
    8.00  43.75    1   26  0.88870E+07  0.46999E+07 5596
    13.80  40.75    2   16  0.65404E+07  0.48031E+07 5597
    8.30  39.05    0    4  0.00000E+00  0.46669E+07 5598
    9.80  40.65    1    9  0.81221E+07  0.45123E+07 5599
    9.50  41.25    0    7  0.00000E+00  0.49092E+07 5600
    9.90  44.05    3   34  0.66949E+07  0.46766E+07 5601
    12.00  41.95    1   14  0.84586E+07  0.47831E+07 5602
    8.20  43.95    0    1  0.00000E+00  0.67445E+07 5603
    9.30  44.25    0    8  0.00000E+00  0.46799E+07 5604
    9.90  44.05    0    4  0.00000E+00  0.43420E+07 5605
    15.40  41.95    0    4  0.00000E+00  0.46373E+07 5606
    9.60  44.15    0    3  0.00000E+00  0.53890E+07 5607
    13.90  37.05    1   11  0.82186E+07  0.46074E+07 5608
    10.20  43.85    1   20  0.67807E+07  0.46617E+07 5609
    16.90  40.35    0    7  0.00000E+00  0.50399E+07 5610
    12.30  41.65   92  967  0.62630E+07  0.47172E+07 5611
    17.30  40.35    0    7  0.00000E+00  0.44979E+07 5612
    13.10  45.55    0    4  0.00000E+00  0.48409E+07 5613
    15.00  38.45    0    7  0.00000E+00  0.46480E+07 5614
    10.30  43.45    5   57  0.67512E+07  0.46883E+07 5615
    8.30  44.15    0    7  0.00000E+00  0.48873E+07 5616
    16.30  38.25    0    5  0.00000E+00  0.42710E+07 5617
    13.70  43.45    0    8  0.00000E+00  0.44486E+07 5618
    14.60  40.55    0    4  0.00000E+00  0.49385E+07 5619
    16.00  41.65    2   35  0.60159E+07  0.47268E+07 5620
    15.70  39.95    0    3  0.00000E+00  0.50166E+07 5622
    16.20  41.35    0    8  0.00000E+00  0.45298E+07 5623
    15.40  39.95    0    5  0.00000E+00  0.51030E+07 5624
    10.00  43.95    2   40  0.68867E+07  0.47346E+07 5625
    10.50  43.15    0    5  0.00000E+00  0.51109E+07 5626
    16.30  38.25    0    2  0.00000E+00  0.56134E+07 5627
    11.00  42.65    3   49  0.56519E+07  0.47580E+07 5628
    10.10  43.95    2   25  0.74359E+07  0.47094E+07 5629
    10.20  43.65    3   31  0.61208E+07  0.46893E+07 5630
    14.60  36.75    2   26  0.77000E+07  0.46891E+07 5631
    8.50  39.85    1   11  0.67528E+07  0.48599E+07 5632
    12.80  37.55    1   19  0.64386E+07  0.46595E+07 5633
    12.40  37.75    3   51  0.57782E+07  0.46735E+07 5634
    16.10  41.65    0    4  0.00000E+00  0.47167E+07 5635
    12.50  37.65    2   31  0.53977E+07  0.47883E+07 5636
    15.80  37.85    1    8  0.80087E+07  0.50054E+07 5637
    12.90  37.55    0    8  0.00000E+00  0.46601E+07 5638
    15.60  38.05    8  149  0.63752E+07  0.47065E+07 5639
    15.30  38.25    1   20  0.68576E+07  0.47146E+07 5640
    17.10  41.15    0    9  0.00000E+00  0.48643E+07 5641
    16.60  41.25    2   16  0.62919E+07  0.48500E+07 5642
    16.60  38.45    0    1  0.00000E+00  0.59085E+07 5643
    13.20  43.75    0    7  0.00000E+00  0.49455E+07 5644
    13.90  41.05    0   17  0.00000E+00  0.46101E+07 5645
    13.60  45.55    0   10  0.00000E+00  0.46621E+07 5646
    17.30  40.95    2   14  0.51962E+07  0.45776E+07 5647
    11.50  42.35    0    5  0.00000E+00  0.51542E+07 5648
    16.00  41.65    1   10  0.92750E+07  0.46375E+07 5649
    14.20  42.55    2   31  0.52908E+07  0.46935E+07 5650
    13.60  45.55    0    8  0.00000E+00  0.48402E+07 5651
    14.30  40.75   32  587  0.63005E+07  0.47227E+07 5653
    12.60  41.45    2   17  0.49189E+07  0.45814E+07 5654
    15.90  38.55    0    2  0.00000E+00  0.52834E+07 5655
    8.40  44.15    0    2  0.00000E+00  0.41464E+07 5656
    16.70  40.05    0    4  0.00000E+00  0.48546E+07 5657
    13.70  43.55    0    2  0.00000E+00  0.56480E+07 5658
    9.60  40.95    2   34  0.57617E+07  0.46602E+07 5659
    11.10  42.45    0    9  0.00000E+00  0.48821E+07 5660
    9.70  40.35    0    4  0.00000E+00  0.49015E+07 5661
    14.50  42.35    0    8  0.00000E+00  0.49651E+07 5662
    7.70  43.75    0    1  0.00000E+00  0.60349E+07 5663
    18.50  40.15    0    2  0.00000E+00  0.48695E+07 5664
    15.10  36.65    0   13  0.00000E+00  0.48648E+07 5665
    14.90  40.45    0   14  0.00000E+00  0.45546E+07 5666
    9.50  41.15    0    3  0.00000E+00  0.42581E+07 5667
    13.40  38.15   22  231  0.62626E+07  0.47218E+07 5668
    15.30  40.05    0    2  0.00000E+00  0.41213E+07 5669
    13.70  37.15    0   15  0.00000E+00  0.46479E+07 5670
    8.10  40.75    4   80  0.68442E+07  0.47054E+07 5671
    15.80  38.35    2   14  0.68026E+07  0.48590E+07 5672
    16.00  39.35    0   10  0.00000E+00  0.48770E+07 5673
    15.00  38.15    0    3  0.00000E+00  0.47096E+07 5674
    13.90  43.05    0    2  0.00000E+00  0.38158E+07 5675
    12.90  43.95    3   58  0.66359E+07  0.47195E+07 5676
    14.30  42.45    4   34  0.64608E+07  0.46872E+07 5677
    16.00  41.95    0    3  0.00000E+00  0.42360E+07 5678
    8.30  44.15    0    6  0.00000E+00  0.44973E+07 5679
    10.20  43.85    0   15  0.00000E+00  0.47804E+07 5680
    14.10  42.65    0    5  0.00000E+00  0.48515E+07 5681
    10.50  42.85    1   21  0.73334E+07  0.48016E+07 5682
    15.20  40.05    0    2  0.00000E+00  0.41566E+07 5683
    16.10  38.75    0    6  0.00000E+00  0.48214E+07 5684
    8.50  40.85    0    2  0.00000E+00  0.47635E+07 5685
    15.40  41.95    0    2  0.00000E+00  0.49665E+07 5686
    17.30  41.05    0    5  0.00000E+00  0.45890E+07 5687
    12.30  44.75    0    8  0.00000E+00  0.45532E+07 5688
    14.80  40.65    3   19  0.58438E+07  0.46136E+07 5689
    11.20  42.35    0    8  0.00000E+00  0.47005E+07 5690
    10.30  42.75    0    2  0.00000E+00  0.50921E+07 5691
    17.80  40.25    0    4  0.00000E+00  0.48764E+07 5692
    13.50  37.25    0    6  0.00000E+00  0.47719E+07 5693
    8.50  38.95    0    2  0.00000E+00  0.38866E+07 5694
    13.70  43.45    0    7  0.00000E+00  0.50139E+07 5695
    13.80  43.25    0    6  0.00000E+00  0.45364E+07 5696
    13.80  43.25    0    9  0.00000E+00  0.46982E+07 5697
    11.10  42.45    0    8  0.00000E+00  0.47005E+07 5698
    12.50  44.85    0    6  0.00000E+00  0.49049E+07 5699
    8.50  40.85    0    8  0.00000E+00  0.46677E+07 5700
    10.30  42.85    0    4  0.00000E+00  0.50631E+07 5701
    8.30  39.25    0    3  0.00000E+00  0.50820E+07 5702
    9.80  44.05    0    2  0.00000E+00  0.56913E+07 5703
    9.80  40.65    0    2  0.00000E+00  0.41710E+07 5704
    14.50  40.55    0    2  0.00000E+00  0.57476E+07 5705
    13.70  43.35    0   10  0.00000E+00  0.46414E+07 5706
    14.90  36.65    0   12  0.00000E+00  0.45998E+07 5707
    15.70  39.85    0    2  0.00000E+00  0.44185E+07 5708
    14.10  40.75    1    8  0.74389E+07  0.46493E+07 5709
    9.00  38.95    0    4  0.00000E+00  0.52986E+07 5710
    12.60  45.45    0    5  0.00000E+00  0.46645E+07 5711
    9.20  39.15    2   44  0.75001E+07  0.46876E+07 5712
    9.30  44.25    3   23  0.71332E+07  0.46521E+07 5713
    12.30  44.45    5   43  0.66247E+07  0.47503E+07 5714
    9.10  44.35    1    8  0.71470E+07  0.44669E+07 5715
    15.60  38.05    6  114  0.65049E+07  0.47075E+07 5716
    12.70  44.05    1   13  0.74640E+07  0.45454E+07 5717
    12.60  44.05    5   50  0.59432E+07  0.47050E+07 5718
    10.50  42.85    0    1  0.00000E+00  0.64998E+07 5719
    8.50  39.85    0    1  0.00000E+00  0.61908E+07 5720
    15.40  37.95    0    3  0.00000E+00  0.41118E+07 5721
    16.40  38.25    0    2  0.00000E+00  0.56010E+07 5722
    15.90  41.95    0    2  0.00000E+00  0.53476E+07 5723
    13.50  45.55    0    4  0.00000E+00  0.50228E+07 5724
    14.10  42.65    0   15  0.00000E+00  0.47907E+07 5725
    10.40  43.35    1   11  0.68017E+07  0.48952E+07 5726
    12.40  45.05    0    4  0.00000E+00  0.46886E+07 5727
    18.30  40.45    3   58  0.66464E+07  0.47270E+07 5728
    13.10  41.15    0    4  0.00000E+00  0.46893E+07 5729
    15.50  40.05    0    2  0.00000E+00  0.55801E+07 5730
    8.50  39.05    0    4  0.00000E+00  0.52885E+07 5731
    16.00  39.35    0    2  0.00000E+00  0.50083E+07 5732
    14.30  38.05    0    3  0.00000E+00  0.43640E+07 5733
    10.50  43.05    0    4  0.00000E+00  0.50546E+07 5734
    14.50  42.35    0    3  0.00000E+00  0.51263E+07 5735
    12.70  38.15    0    3  0.00000E+00  0.41224E+07 5736
    8.40  40.15    0    2  0.00000E+00  0.42547E+07 5737
    18.50  40.05    0    2  0.00000E+00  0.44323E+07 5738
    16.20  38.85    2   43  0.74509E+07  0.47651E+07 5739
    9.20  41.25    0    3  0.00000E+00  0.50156E+07 5740
    15.40  37.95    0    6  0.00000E+00  0.44453E+07 5741
    12.90  41.35    0   12  0.00000E+00  0.46636E+07 5742
    13.90  42.95    2   17  0.50438E+07  0.46976E+07 5743
    7.80  43.75    2   16  0.61823E+07  0.47655E+07 5744
    8.50  39.05    0    7  0.00000E+00  0.48386E+07 5745
    11.80  42.05    0   11  0.00000E+00  0.47481E+07 5746
    14.60  38.15    0    8  0.00000E+00  0.47543E+07 5747
    15.60  40.05    0    4  0.00000E+00  0.50936E+07 5748
    9.10  39.05    0    3  0.00000E+00  0.51272E+07 5749
    8.50  44.25    2   22  0.65619E+07  0.47226E+07 5750
    15.80  39.75    0    7  0.00000E+00  0.44397E+07 5751
    13.10  37.45    5   30  0.57432E+07  0.47860E+07 5752
    15.70  38.35    0    2  0.00000E+00  0.42851E+07 5753
    12.80  37.55    1   19  0.64386E+07  0.46595E+07 5754
    13.20  43.75    2   16  0.46907E+07  0.46418E+07 5755
    9.40  44.25    0   11  0.00000E+00  0.49143E+07 5756
    16.30  38.25    0    2  0.00000E+00  0.55327E+07 5757
    14.20  42.55    0   10  0.00000E+00  0.47910E+07 5758
    13.70  43.55    0    5  0.00000E+00  0.47136E+07 5759
    8.50  40.85    0    9  0.00000E+00  0.47519E+07 5760
    16.60  38.65    0    6  0.00000E+00  0.46277E+07 5761
    13.40  41.25    0    2  0.00000E+00  0.47254E+07 5762
    8.50  44.25    0    3  0.00000E+00  0.39405E+07 5763
    17.20  39.25    0    4  0.00000E+00  0.45442E+07 5764
    7.90  43.75    0    9  0.00000E+00  0.46136E+07 5765
    12.60  44.95    0    5  0.00000E+00  0.49284E+07 5766
    15.30  37.85    0    7  0.00000E+00  0.45771E+07 5767
    17.20  40.45    7   68  0.57941E+07  0.47219E+07 5768
    13.70  38.05    0   10  0.00000E+00  0.45832E+07 5770
    15.00  42.05    1   11  0.68473E+07  0.49280E+07 5771
    10.20  43.65    3   54  0.61208E+07  0.46756E+07 5772
    18.10  40.55    0    3  0.00000E+00  0.49626E+07 5773
    14.40  40.75    5   33  0.61573E+07  0.46647E+07 5774
    17.50  40.85    1   24  0.80835E+07  0.46312E+07 5775
    14.40  40.75    3   53  0.61126E+07  0.47575E+07 5776
    15.60  41.95    0   10  0.00000E+00  0.46587E+07 5777
    9.70  39.95    0    7  0.00000E+00  0.44340E+07 5778
    14.00  42.85    0    4  0.00000E+00  0.41363E+07 5779
    13.70  38.05    0    6  0.00000E+00  0.45940E+07 5780
    16.40  41.35    2   15  0.56548E+07  0.46495E+07 5781
    12.50  38.05    8   52  0.61822E+07  0.47556E+07 5782
    16.60  39.85    0    3  0.00000E+00  0.51898E+07 5783
    15.20  37.55    0    5  0.00000E+00  0.45990E+07 5784
    18.40  39.95    0   11  0.00000E+00  0.46733E+07 5785
    13.60  45.55    7   72  0.61657E+07  0.47456E+07 5786
    16.10  41.45    0    9  0.00000E+00  0.46527E+07 5787
    15.90  38.75    0    2  0.00000E+00  0.56317E+07 5788
    8.50  44.25    0    5  0.00000E+00  0.49151E+07 5789
    8.60  44.35    0    5  0.00000E+00  0.45659E+07 5790
    14.80  42.15    1   14  0.83603E+07  0.47276E+07 5791
    12.40  45.35    9   74  0.63168E+07  0.47376E+07 5792
    7.60  43.75    0   16  0.00000E+00  0.46368E+07 5793
    10.20  43.85    2   23  0.67402E+07  0.46400E+07 5794
    16.00  41.95    0    5  0.00000E+00  0.46136E+07 5795
    14.40  40.65    2   15  0.73076E+07  0.48718E+07 5796
    14.80  40.65    0    5  0.00000E+00  0.48077E+07 5798
    15.60  38.35    0    8  0.00000E+00  0.49448E+07 5799
    15.40  38.25    0    5  0.00000E+00  0.51727E+07 5800
    9.50  39.05    0    2  0.00000E+00  0.51629E+07 5801
    16.00  41.45    0    2  0.00000E+00  0.49131E+07 5802
    35.60  34.05    0   42  0.00000E+00  0.46875E+07 5803
    35.60  34.15    5   33  0.63000E+07  0.47727E+07 5804
    35.40  33.65    7   44  0.59500E+07  0.47330E+07 5805
    35.40  33.75    0    4  0.00000E+00  0.43750E+07 5806
    35.40  33.75    2   11  0.52500E+07  0.47727E+07 5807
    35.60  34.05    3   22  0.70000E+07  0.47727E+07 5808
    35.60  34.05   39  260  0.62821E+07  0.47115E+07 5809
    35.50  33.95    0  918  0.00000E+00  0.47181E+07 5810
    35.30  33.55    0  153  0.00000E+00  0.47181E+07 5811
    35.20  33.35   25  167  0.63000E+07  0.47156E+07 5812
    35.20  33.35    5   33  0.63000E+07  0.47727E+07 5813
    35.60  34.25    2   15  0.71750E+07  0.47833E+07 5814
    35.70  34.35    2   13  0.62300E+07  0.47923E+07 5815
    35.70  34.35    0    6  0.00000E+00  0.51042E+07 5816
    35.80  34.45   76  501  0.62171E+07  0.47156E+07 5817
    35.90  34.55   17  111  0.61765E+07  0.47297E+07 5818
    35.60  34.15    4   25  0.59500E+07  0.47600E+07 5819
    35.50  33.95    0   11  0.00000E+00  0.47727E+07 5820
    35.50  33.95   10   67  0.63000E+07  0.47015E+07 5821
    35.50  33.95    6   39  0.61250E+07  0.47115E+07 5822
    35.50  33.95    0    2  0.00000E+00  0.46375E+07 5823
    35.50  33.95    4   26  0.61250E+07  0.47115E+07 5824
    35.50  33.95   25  165  0.62300E+07  0.47197E+07 5825
    35.50  33.95   14   93  0.62500E+07  0.47043E+07 5826
    35.50  33.95    0    2  0.00000E+00  0.43750E+07 5827
    35.50  33.95    1    7  0.63000E+07  0.45000E+07 5829
    35.50  33.95    1    7  0.70000E+07  0.50000E+07 5830
    13.20  32.95    0   16  0.00000E+00  0.46484E+07 5831
    13.20  32.95    0    2  0.00000E+00  0.52500E+07 5832
    13.20  32.95    0    9  0.00000E+00  0.48611E+07 5833
    13.20  32.95    0    6  0.00000E+00  0.43750E+07 5834
    20.00  32.15   15  100  0.63000E+07  0.47250E+07 5835
    20.00  32.15   30  200  0.63000E+07  0.47250E+07 5836
    20.80  32.65    2   10  0.47250E+07  0.47250E+07 5837
    20.80  32.65    1    9  0.84000E+07  0.46667E+07 5838
    24.00  32.15    4   27  0.63000E+07  0.46667E+07 5839
    21.70  32.95    8   56  0.65625E+07  0.46875E+07 5840
    22.70  32.75    3   18  0.55160E+07  0.45967E+07 5841
    22.00  32.95    0    4  0.00000E+00  0.48027E+07 5842
    22.80  32.75    0    4  0.00000E+00  0.44070E+07 5843
    23.10  32.35    0    2  0.00000E+00  0.50596E+07 5844
    15.30  32.35    0    9  0.00000E+00  0.46667E+07 5846
    14.10  32.75    2   10  0.48300E+07  0.48300E+07 5847
    14.30  32.65    7   45  0.60600E+07  0.47133E+07 5848
    14.50  32.55    9   62  0.65333E+07  0.47419E+07 5849
    16.60  31.25    0    8  0.00000E+00  0.45938E+07 5850
    19.80  30.65    5   30  0.56280E+07  0.46900E+07 5851
    12.70  32.85    7   45  0.60000E+07  0.46667E+07 5852
    12.50  32.85    3   23  0.71400E+07  0.46565E+07 5853
    12.60  32.85    0    6  0.00000E+00  0.43750E+07 5855
    19.20  30.35    0    4  0.00000E+00  0.47250E+07 5856
    14.50  35.95    0    1  0.00000E+00  0.56960E+07 5857
    14.50  35.75    0    4  0.00000E+00  0.50981E+07 5858
    -3.90  35.25    0    5  0.00000E+00  0.47250E+07 5892
    -4.40  35.25    0    1  0.00000E+00  0.52500E+07 5893
    -3.80  35.25    0    5  0.00000E+00  0.47250E+07 5894
    -2.30  35.15    0   31  0.00000E+00  0.47419E+07 5896
    -2.30  35.15    0   20  0.00000E+00  0.47906E+07 5898
    -4.90  35.35    0    5  0.00000E+00  0.47906E+07 5900
    -2.90  35.25    0   18  0.00000E+00  0.46181E+07 5901
    -2.70  35.15    0    2  0.00000E+00  0.54688E+07 5903
    -2.60  35.15    0    3  0.00000E+00  0.45208E+07 5904
    -2.90  35.35    0    1  0.00000E+00  0.68250E+07 5905
    -2.00  35.15    0   37  0.00000E+00  0.47297E+07 5907
    -5.80  35.85   50  369  0.62510E+07  0.47217E+07 5910
    -5.30  35.85    0    9  0.00000E+00  0.45510E+07 5911
    -5.20  35.65    1   10  0.83160E+07  0.45845E+07 5912
    -5.20  35.55   31  202  0.61645E+07  0.47302E+07 5913
    7.50  43.75    0   65  0.00000E+00  0.47519E+07 5914
    7.50  43.75    0   16  0.00000E+00  0.47852E+07 5915
    18.50  42.35    3   22  0.67667E+07  0.46136E+07 5916
    18.50  42.35    0    4  0.00000E+00  0.41562E+07 5917
    18.60  42.35    0    5  0.00000E+00  0.49000E+07 5918
    19.10  42.05    3   22  0.67667E+07  0.46136E+07 5919
    19.10  42.05    5   32  0.61250E+07  0.47852E+07 5920
    19.20  41.85    2   16  0.75250E+07  0.47031E+07 5921
    13.60  45.55    0    4  0.00000E+00  0.48611E+07 5922
    13.60  45.55    0    2  0.00000E+00  0.39051E+07 5923
    3.20  42.15    0    1  0.00000E+00  0.49630E+07 5929
    1.10  41.05    0    1  0.00000E+00  0.47425E+07 5931
    0.80  40.85    0    1  0.00000E+00  0.70143E+07 5932
    1.40  41.05    0    4  0.00000E+00  0.43455E+07 5934
    2.50  41.55    0    1  0.00000E+00  0.67060E+07 5935
    3.30  42.05    0    2  0.00000E+00  0.44476E+07 5936
    3.10  41.75    0    4  0.00000E+00  0.50369E+07 5937
    2.60  41.55    0    3  0.00000E+00  0.53346E+07 5939
    0.60  40.55    0    3  0.00000E+00  0.43365E+07 5940
    2.80  41.65    0    4  0.00000E+00  0.44516E+07 5941
    1.60  41.15    0    7  0.00000E+00  0.45944E+07 5942
    1.10  41.05    0   12  0.00000E+00  0.49066E+07 5943
    2.80  41.65    0    5  0.00000E+00  0.42784E+07 5944
    3.20  42.35    0    4  0.00000E+00  0.41930E+07 5945
    0.60  40.55    0    1  0.00000E+00  0.51048E+07 5946
    1.80  41.15    0    9  0.00000E+00  0.48188E+07 5947
    1.70  41.15    0   14  0.00000E+00  0.46397E+07 5948
    2.30  41.35    0  335  0.00000E+00  0.47200E+07 5949
    2.10  41.25    0  102  0.00000E+00  0.46962E+07 5950
    2.70  41.55    0  126  0.00000E+00  0.47222E+07 5951
    3.20  41.85    0    6  0.00000E+00  0.44573E+07 5952
    2.60  41.55    0    4  0.00000E+00  0.46769E+07 5953
    2.00  41.25    0   33  0.00000E+00  0.47153E+07 5954
    2.30  41.45    0   13  0.00000E+00  0.48226E+07 5955
    2.50  41.55    0   24  0.00000E+00  0.47748E+07 5956
    3.10  41.75    0    4  0.00000E+00  0.50369E+07 5957
    1.30  41.05    0   10  0.00000E+00  0.44972E+07 5958
    1.60  41.15    0    9  0.00000E+00  0.47328E+07 5959
    3.20  42.15    0    3  0.00000E+00  0.52617E+07 5960
    2.50  41.55    0    1  0.00000E+00  0.67060E+07 5961
    1.40  41.05    0    7  0.00000E+00  0.48537E+07 5962
    1.60  41.15    0    5  0.00000E+00  0.51301E+07 5963
    1.10  41.05    0   10  0.00000E+00  0.49264E+07 5964
    0.50  40.15    1    8  0.78890E+07  0.49306E+07 5965
    0.10  39.65    2   16  0.74095E+07  0.46309E+07 5966
    -0.60  38.15    0   22  0.00000E+00  0.47121E+07 5967
    -0.60  38.15    0    1  0.00000E+00  0.49910E+07 5968
    -0.20  39.15    0    1  0.00000E+00  0.50138E+07 5970
    -0.10  38.95    0    4  0.00000E+00  0.42438E+07 5971
    -0.70  37.95    0    5  0.00000E+00  0.44362E+07 5972
    -0.60  38.05    0    2  0.00000E+00  0.37297E+07 5975
    -0.20  39.25    0    3  0.00000E+00  0.52220E+07 5978
    -0.20  39.25    0    1  0.00000E+00  0.68294E+07 5980
    -0.20  39.15    0    1  0.00000E+00  0.59675E+07 5981
    -0.30  39.35    0    1  0.00000E+00  0.67856E+07 5983
    -0.30  39.45    0    2  0.00000E+00  0.55300E+07 5985
    -0.30  39.45    0    1  0.00000E+00  0.56079E+07 5986
    -0.30  39.35    0    1  0.00000E+00  0.47994E+07 5987
    -0.40  38.35    0   11  0.00000E+00  0.48656E+07 5988
    -0.50  38.35    0   22  0.00000E+00  0.46940E+07 5989
    0.50  40.35    0   20  0.00000E+00  0.46856E+07 5990
    -0.10  38.45    0    9  0.00000E+00  0.45053E+07 5991
    0.10  38.65    0   12  0.00000E+00  0.48008E+07 5992
    0.10  39.95    0   33  0.00000E+00  0.47214E+07 5993
    -0.20  39.15    0   14  0.00000E+00  0.46234E+07 5994
    0.20  38.85    0   10  0.00000E+00  0.46904E+07 5995
    -0.10  38.95    0   17  0.00000E+00  0.48161E+07 5996
    0.20  38.85    0    5  0.00000E+00  0.46865E+07 5997
    -0.10  39.75    0    3  0.00000E+00  0.40002E+07 5998
    -0.10  38.95    0    4  0.00000E+00  0.42438E+07 5999
    -0.20  39.65    0   13  0.00000E+00  0.46042E+07 6000
    -0.60  38.15    0    8  0.00000E+00  0.46342E+07 6001
    -0.20  39.15    0    2  0.00000E+00  0.52806E+07 6002
    -0.70  37.95    0   16  0.00000E+00  0.48333E+07 6003
    -0.30  39.45    0   36  0.00000E+00  0.46951E+07 6004
    -0.30  39.45    0   35  0.00000E+00  0.47169E+07 6005
    -0.30  39.35    0  125  0.00000E+00  0.47284E+07 6006
    -0.30  39.35    0  198  0.00000E+00  0.47177E+07 6007
    0.50  40.45    0   10  0.00000E+00  0.46808E+07 6008
    2.40  39.45    0    2  0.00000E+00  0.52421E+07 6009
    3.50  39.75    0    1  0.00000E+00  0.53462E+07 6011
    2.40  39.45    0    4  0.00000E+00  0.43148E+07 6012
    3.80  39.95    0    4  0.00000E+00  0.42827E+07 6026
    1.50  38.85    0    5  0.00000E+00  0.47660E+07 6027
    4.30  39.85    0    2  0.00000E+00  0.40049E+07 6028
    2.60  39.45    0   16  0.00000E+00  0.48114E+07 6029
    2.60  39.45    0   17  0.00000E+00  0.46385E+07 6030
    -1.60  37.35    0    2  0.00000E+00  0.47775E+07 6033
    -0.80  37.75    0    3  0.00000E+00  0.43027E+07 6034
    -1.00  37.55    0   32  0.00000E+00  0.47852E+07 6035
    -0.80  37.75    0   15  0.00000E+00  0.46121E+07 6036
    -1.30  37.55    0    5  0.00000E+00  0.44902E+07 6037
    -0.70  37.75    0    4  0.00000E+00  0.44988E+07 6038
    -0.70  37.85    0    3  0.00000E+00  0.44485E+07 6039
    -4.00  36.65    0    6  0.00000E+00  0.43750E+07 6040
    -2.90  36.65    0    1  0.00000E+00  0.65625E+07 6041
    -1.70  37.25    0    2  0.00000E+00  0.50422E+07 6046
    35.80  35.45    0    5  0.00000E+00  0.45605E+07 6047
    35.80  34.95    0    2  0.00000E+00  0.49262E+07 6048
    35.90  35.25    0    2  0.00000E+00  0.36838E+07 6049
    35.70  35.55    0    2  0.00000E+00  0.44975E+07 6050
    35.90  35.15    2   14  0.64750E+07  0.46250E+07 6051
    35.80  35.45    0    3  0.00000E+00  0.47075E+07 6052
    35.30  33.55    0    4  0.00000E+00  0.49962E+07 6053
    35.80  35.45    0    2  0.00000E+00  0.53288E+07 6054
    35.90  35.35    3   22  0.68361E+07  0.46610E+07 6055
    35.70  35.55   22  144  0.61684E+07  0.47120E+07 6056
    35.80  34.85    6   40  0.62417E+07  0.46812E+07 6057
    10.70  36.95    2   72  0.55137E+07  0.47213E+07 6058
    9.90  37.35    1   33  0.65205E+07  0.47691E+07 6059
    8.80  37.05    0   12  0.00000E+00  0.48944E+07 6060
    8.80  37.05    0   12  0.00000E+00  0.46347E+07 6061
    10.30  36.95    1   30  0.70959E+07  0.47186E+07 6062
    10.20  37.05    0   53  0.00000E+00  0.46995E+07 6063
    10.40  36.85    0  121  0.00000E+00  0.47301E+07 6064
    10.40  36.85    0   57  0.00000E+00  0.47167E+07 6065
    10.50  36.25    0    4  0.00000E+00  0.41353E+07 6066
    27.40  36.95    0    3  0.00000E+00  0.51042E+07 6072
    28.30  36.75    0   11  0.00000E+00  0.47170E+07 6073
    29.40  36.15    0    4  0.00000E+00  0.43750E+07 6074
    30.70  36.75    0   70  0.00000E+00  0.46875E+07 6075
    27.40  36.95    0    4  0.00000E+00  0.43750E+07 6076
    28.70  36.65    0    8  0.00000E+00  0.49219E+07 6077
    26.80  39.05    0   31  0.00000E+00  0.47033E+07 6078
    29.00  36.65    0   21  0.00000E+00  0.46827E+07 6080
    32.30  36.15    0    1  0.00000E+00  0.70000E+07 6081
    35.90  36.65    0   80  0.00000E+00  0.47250E+07 6082
    30.60  36.55    0    5  0.00000E+00  0.44800E+07 6084
    30.60  36.55    0    8  0.00000E+00  0.47906E+07 6085
    31.30  36.75    0   46  0.00000E+00  0.47554E+07 6086
    28.30  36.75    0   47  0.00000E+00  0.47473E+07 6087
    28.70  36.65    0    4  0.00000E+00  0.49219E+07 6088
    31.10  36.75    0    9  0.00000E+00  0.48125E+07 6089
    31.40  36.75    0    9  0.00000E+00  0.48125E+07 6090
    34.20  36.35    0   20  0.00000E+00  0.47031E+07 6091
    34.80  36.75    0   29  0.00000E+00  0.47824E+07 6092
    35.90  36.15    1   10  0.92688E+07  0.46344E+07 6093
    27.20  37.85    2   14  0.64730E+07  0.46236E+07 6094
    35.90  36.55    4   29  0.68116E+07  0.46977E+07 6095
    30.20  36.15    0    2  0.00000E+00  0.58795E+07 6096
    35.90  36.75    2   15  0.72982E+07  0.48655E+07 6097
    26.20  38.35    0    8  0.00000E+00  0.45573E+07 6099
    26.70  39.25    1    8  0.75571E+07  0.47232E+07 6101
    32.90  36.05    1    8  0.71877E+07  0.44923E+07 6102
    32.00  36.45    0   12  0.00000E+00  0.46696E+07 6103
    30.20  36.25    0    4  0.00000E+00  0.45262E+07 6104
    33.90  36.25    0    4  0.00000E+00  0.47159E+07 6105
    35.90  36.05    0    3  0.00000E+00  0.45143E+07 6106
    27.20  37.75    0    4  0.00000E+00  0.43511E+07 6107
    31.40  36.75    0    3  0.00000E+00  0.53599E+07 6108
    30.20  36.25    0    4  0.00000E+00  0.45484E+07 6109
    34.80  36.75    0    5  0.00000E+00  0.42845E+07 6110
    30.30  36.25    0    4  0.00000E+00  0.44888E+07 6111
    35.90  36.15    0    4  0.00000E+00  0.47165E+07 6113
    27.40  36.95    0    1  0.00000E+00  0.50688E+07 6114
    35.30  36.45    0    4  0.00000E+00  0.46097E+07 6116
    35.90  36.75    0    3  0.00000E+00  0.44847E+07 6117
    26.20  40.55    0    4  0.00000E+00  0.43544E+07 6119
    35.90  36.75    0    4  0.00000E+00  0.49908E+07 6120
    27.20  37.75    0    3  0.00000E+00  0.42808E+07 6121
    35.90  36.45    0    4  0.00000E+00  0.43164E+07 6122
    27.20  37.75    0    4  0.00000E+00  0.51659E+07 6124
    27.70  36.65    0    1  0.00000E+00  0.53979E+07 6125
    31.30  36.75    0    3  0.00000E+00  0.43828E+07 6126
    30.30  36.25    0    3  0.00000E+00  0.41269E+07 6127
    35.90  36.65    0    3  0.00000E+00  0.52970E+07 6128
    26.10  39.65    0    3  0.00000E+00  0.54481E+07 6129
    33.30  36.05    0    4  0.00000E+00  0.43387E+07 6130
    34.10  36.35    0    3  0.00000E+00  0.51626E+07 6132
    34.40  36.65    0    3  0.00000E+00  0.43856E+07 6134
    26.30  38.45    0    3  0.00000E+00  0.48525E+07 6136
    35.90  36.75    0    4  0.00000E+00  0.48834E+07 6137
