    19.40  41.35   15  0.25904E+05 8001
    19.70  40.05    2  0.24583E+05 8002
    20.00  39.85    3  0.25958E+05 8003
    19.40  41.15    7  0.26253E+05 8004
    19.40  41.85    7  0.27018E+05 8005
    19.40  40.35    2  0.27638E+05 8006
    20.00  39.85    7  0.26253E+05 8007
    19.40  41.85   11  0.24691E+05 8008
    19.30  40.45   12  0.26623E+05 8009
    7.40  37.15    3  0.21650E+05 8010
    4.10  36.95    6  0.26702E+05 8011
    4.40  36.95    8  0.24917E+05 8012
    -1.60  35.25   17  0.25883E+05 8013
    -1.80  35.15   21  0.25215E+05 8014
    2.40  36.65    1  0.26360E+05 8015
    6.90  36.95    4  0.28454E+05 8016
    6.70  37.05   14  0.26329E+05 8017
    6.60  37.05   10  0.25131E+05 8018
    6.90  36.95    2  0.28668E+05 8019
    -0.70  35.75    1  0.26360E+05 8020
    -0.70  35.75    1  0.26360E+05 8021
    -0.20  35.85    1  0.26360E+05 8022
    -0.10  35.85    7  0.25408E+05 8023
    0.00  35.85    9  0.25485E+05 8024
    0.00  35.95   10  0.26888E+05 8025
    0.30  36.15    7  0.26054E+05 8026
    0.50  36.25    6  0.26084E+05 8027
    0.00  35.85   10  0.24505E+05 8028
    0.00  35.85   11  0.25443E+05 8029
    0.00  35.85    9  0.24333E+05 8030
    15.20  43.85    2  0.21858E+05 8033
    15.30  43.75    3  0.23430E+05 8034
    16.80  43.05    1  0.25747E+05 8035
    18.10  42.55    7  0.24786E+05 8039
    16.40  43.15    1  0.25832E+05 8042
    16.70  43.05    1  0.32597E+05 8043
    16.20  43.35    8  0.25864E+05 8044
    16.90  42.85    1  0.30703E+05 8045
    17.00  43.05    3  0.26829E+05 8049
    14.40  44.45    2  0.21169E+05 8050
    14.00  44.75    1  0.29223E+05 8052
    13.50  45.35    1  0.28854E+05 8056
    15.60  43.65    1  0.28050E+05 8061
    17.30  43.05    2  0.27255E+05 8062
    16.40  43.25    2  0.30315E+05 8063
    13.50  45.25    2  0.20970E+05 8064
    13.50  45.25    2  0.28968E+05 8065
    13.80  44.85    8  0.27172E+05 8067
    13.80  44.85    2  0.27722E+05 8068
    13.60  45.05    3  0.28184E+05 8072
    16.20  43.35   14  0.26320E+05 8074
    15.90  43.55    7  0.24711E+05 8077
    13.50  45.45    2  0.31882E+05 8078
    16.70  43.05    1  0.30433E+05 8079
    15.80  43.55    2  0.27725E+05 8080
    15.00  43.95    9  0.26010E+05 8081
    18.20  42.55    2  0.19316E+05 8082
    33.70  34.95    2  0.22602E+05 8085
    33.70  34.85    6  0.25794E+05 8086
    32.90  34.55    1  0.33721E+05 8087
    33.10  34.65    1  0.30663E+05 8093
    33.10  34.65    8  0.26388E+05 8097
    32.30  34.85    1  0.30663E+05 8099
    32.40  34.75    1  0.25922E+05 8100
    32.40  34.75    2  0.20869E+05 8101
    32.40  34.75    6  0.25250E+05 8104
    34.00  35.15    1  0.26725E+05 8106
    34.10  34.95    6  0.26317E+05 8107
    30.10  31.35   14  0.25248E+05 8117
    29.90  31.25  103  0.25694E+05 8118
    29.90  31.25  141  0.25687E+05 8119
    29.90  31.25   46  0.25640E+05 8120
    29.90  31.25   91  0.25723E+05 8121
    29.90  31.25   34  0.25838E+05 8122
    29.40  30.95   86  0.25819E+05 8123
    29.90  31.25   41  0.25916E+05 8124
    29.50  31.05   14  0.25736E+05 8125
    30.20  31.55    7  0.26822E+05 8126
    30.70  31.55    5  0.26443E+05 8127
    31.10  31.65   16  0.26154E+05 8128
    30.90  31.65   31  0.25955E+05 8129
    30.80  31.55   16  0.25460E+05 8130
    31.40  31.55   25  0.25300E+05 8131
    31.60  31.55    1  0.35422E+05 8132
    32.00  31.45   14  0.24891E+05 8133
    32.00  31.45    1  0.35422E+05 8134
    32.00  31.45    1  0.35422E+05 8135
    32.00  31.45    1  0.35422E+05 8136
    32.00  31.45    1  0.35422E+05 8137
    32.00  31.45    1  0.35422E+05 8138
    32.00  31.45    1  0.35422E+05 8139
    32.00  31.45    5  0.27305E+05 8140
    28.50  31.15   17  0.26421E+05 8141
    30.50  31.55   16  0.25749E+05 8142
    27.30  31.45   25  0.26011E+05 8143
    32.40  31.25    1  0.35422E+05 8144
    32.40  31.25    1  0.35422E+05 8145
    32.40  31.25    1  0.35422E+05 8146
    30.30  31.45   33  0.25983E+05 8147
    31.40  31.55   20  0.25789E+05 8148
    3.10  42.65    1  0.33505E+05 8153
    3.10  42.55    2  0.27436E+05 8157
    3.10  42.65    1  0.34349E+05 8158
    6.20  43.05    4  0.27582E+05 8160
    3.10  42.85    5  0.27956E+05 8164
    3.10  42.85    5  0.27956E+05 8165
    9.00  42.65    2  0.19455E+05 8166
    3.60  43.35    5  0.27483E+05 8167
    3.60  43.35    3  0.24475E+05 8168
    8.80  41.65    2  0.20023E+05 8169
    4.00  43.45    1  0.34698E+05 8170
    3.40  43.25    4  0.23820E+05 8171
    4.90  43.35    2  0.21772E+05 8172
    3.20  42.55    2  0.20749E+05 8173
    9.30  42.75    1  0.27598E+05 8175
    3.10  43.05    2  0.30336E+05 8180
    7.00  43.55    2  0.20288E+05 8181
    3.50  43.25    8  0.27242E+05 8183
    8.70  41.85    6  0.25683E+05 8184
    7.20  43.65    8  0.25107E+05 8185
    3.10  42.55    6  0.23974E+05 8186
    3.20  42.45    2  0.26578E+05 8187
    9.50  42.75    3  0.23033E+05 8188
    9.50  42.65    4  0.22970E+05 8189
    5.10  43.25    2  0.22680E+05 8190
    9.20  41.35    2  0.20896E+05 8191
    9.60  42.55    2  0.29291E+05 8192
    6.40  43.05    5  0.27825E+05 8193
    7.20  43.65    8  0.24625E+05 8194
    8.70  42.55    3  0.26726E+05 8195
    7.00  43.55   10  0.26871E+05 8196
    5.50  43.15    2  0.30500E+05 8197
    6.50  43.15    6  0.23763E+05 8198
    5.20  43.25    2  0.22020E+05 8199
    3.10  42.55    3  0.24538E+05 8200
    6.80  43.35    9  0.26254E+05 8201
    3.80  43.45    2  0.25406E+05 8202
    3.10  43.05    5  0.24435E+05 8203
    6.20  43.05    7  0.25804E+05 8204
    5.00  43.35    4  0.25838E+05 8205
    5.60  43.15    5  0.25405E+05 8206
    4.10  43.45    6  0.24884E+05 8207
    6.30  43.05    3  0.26874E+05 8208
    4.00  43.45    2  0.24176E+05 8209
    4.00  43.45    3  0.26481E+05 8210
    3.10  42.75    6  0.25031E+05 8211
    4.10  43.45    7  0.26179E+05 8212
    3.10  42.85    5  0.23186E+05 8213
    5.20  43.25    5  0.23189E+05 8214
    5.30  43.25   17  0.25695E+05 8215
    5.00  43.35    5  0.27925E+05 8216
    7.50  43.75    6  0.24130E+05 8217
    3.20  43.15    3  0.21871E+05 8218
    7.30  43.65   12  0.26222E+05 8219
    8.70  41.85    3  0.28687E+05 8221
    3.10  43.05    3  0.26622E+05 8222
    9.40  41.55    3  0.28139E+05 8223
    8.80  41.65    2  0.29193E+05 8224
    6.70  43.25    2  0.30959E+05 8225
    5.20  43.25    2  0.22188E+05 8226
    7.50  43.75    4  0.23507E+05 8227
    6.70  43.35    3  0.27021E+05 8228
    5.00  43.35    4  0.22955E+05 8229
    6.70  43.25    5  0.23424E+05 8230
    4.40  43.35    2  0.28308E+05 8231
    6.70  43.25    4  0.27085E+05 8232
    5.70  43.15    6  0.24310E+05 8233
    9.60  42.35    2  0.26475E+05 8234
    5.10  43.25    3  0.23249E+05 8235
    3.70  43.35    7  0.24936E+05 8236
    3.10  42.65    6  0.24252E+05 8237
    5.70  43.15    3  0.29960E+05 8238
    6.80  43.35    3  0.28526E+05 8239
    4.40  43.35    2  0.32102E+05 8240
    6.00  43.05    6  0.26583E+05 8241
    5.90  43.05   10  0.26949E+05 8242
    7.10  43.55    5  0.24825E+05 8243
    3.30  43.25    3  0.24195E+05 8244
    3.30  43.25    2  0.21980E+05 8245
    21.00  37.75    1  0.27226E+05 8363
    21.50  37.15    1  0.28044E+05 8370
    24.30  40.75    1  0.30826E+05 8377
    23.90  37.65    1  0.29773E+05 8380
    23.40  37.75    1  0.30573E+05 8381
    28.10  36.45    1  0.29004E+05 8382
    24.10  37.75    1  0.34664E+05 8383
    23.80  38.75    1  0.34977E+05 8386
    21.20  37.95    2  0.20618E+05 8390
    25.40  36.45    2  0.27537E+05 8391
    25.90  40.75    6  0.25276E+05 8392
    23.10  40.25    3  0.22249E+05 8393
    23.30  37.95    2  0.30336E+05 8394
    23.70  37.85   44  0.25853E+05 8395
    28.20  36.45    8  0.25220E+05 8396
    25.80  35.15    2  0.30676E+05 8397
    25.20  35.35    2  0.22236E+05 8399
    21.30  37.75    3  0.23257E+05 8400
    22.80  37.55    6  0.26771E+05 8401
    20.40  38.15    3  0.28224E+05 8402
    24.10  37.95    6  0.25666E+05 8403
    24.00  35.55    7  0.26153E+05 8405
    25.40  35.35    5  0.23277E+05 8406
    26.20  38.35    4  0.24895E+05 8407
    23.40  37.95    6  0.26045E+05 8408
    25.00  37.45    3  0.28784E+05 8409
    22.80  40.55    5  0.26148E+05 8410
    25.70  34.95    2  0.31680E+05 8411
    20.20  39.45    4  0.22704E+05 8412
    25.10  35.35    8  0.26860E+05 8413
    22.10  36.95    6  0.27725E+05 8414
    23.50  40.05    2  0.27537E+05 8415
    26.90  36.95    2  0.28956E+05 8416
    22.60  40.25    7  0.25439E+05 8417
    21.40  38.25    2  0.27537E+05 8418
    24.40  40.85    6  0.26045E+05 8419
    19.90  39.65    5  0.24688E+05 8420
    23.00  37.85    2  0.27537E+05 8421
    23.00  37.85    5  0.27189E+05 8422
    27.30  36.95    4  0.25924E+05 8423
    20.70  38.85    2  0.19790E+05 8425
    20.10  39.45    2  0.28956E+05 8426
    22.60  40.15    6  0.24460E+05 8427
    25.50  35.35    2  0.27537E+05 8428
    21.40  38.25    2  0.26077E+05 8429
    23.70  37.85   12  0.25570E+05 8430
    25.30  37.45    3  0.27510E+05 8431
    26.60  39.15    4  0.25273E+05 8432
    24.00  35.55    5  0.25220E+05 8433
    25.20  37.15    2  0.27537E+05 8435
    25.40  37.15    3  0.22841E+05 8436
    24.10  38.05    3  0.27510E+05 8437
    24.10  38.05    2  0.27537E+05 8438
    23.50  37.55    2  0.27537E+05 8440
    24.80  40.75    2  0.28956E+05 8441
    20.70  38.95    3  0.25724E+05 8442
    21.40  37.55    3  0.26778E+05 8443
    24.10  38.05    3  0.21992E+05 8444
    24.50  35.45    5  0.26235E+05 8445
    28.20  36.45    3  0.26778E+05 8446
    26.10  35.25    2  0.27537E+05 8447
    23.50  39.15    2  0.27537E+05 8448
    22.80  40.55   16  0.26452E+05 8449
    22.80  37.55    2  0.27537E+05 8450
    23.00  39.25    8  0.26860E+05 8451
    20.90  37.85    4  0.28930E+05 8453
    35.00  32.95    7  0.24900E+05 8454
    34.60  31.85   10  0.25125E+05 8455
    34.70  32.05   10  0.26120E+05 8456
    34.80  32.45    2  0.30040E+05 8457
    34.30  31.45   10  0.25413E+05 8458
    34.80  32.35    4  0.27329E+05 8459
    34.90  32.55    6  0.26311E+05 8460
    34.70  32.15   29  0.25887E+05 8461
    34.80  32.45    8  0.27226E+05 8462
    34.80  32.25    7  0.25072E+05 8463
    35.00  32.95    9  0.25189E+05 8464
    34.80  32.25    8  0.26087E+05 8465
    34.50  31.65    5  0.26932E+05 8466
    34.80  32.25    6  0.27295E+05 8467
    34.80  32.25    5  0.23356E+05 8468
    34.40  31.55    3  0.24917E+05 8469
    34.70  31.95    4  0.26337E+05 8470
    15.20  37.55    2  0.30777E+05 8472
    15.20  37.65    5  0.24524E+05 8473
    13.70  37.15    5  0.26018E+05 8474
    14.90  40.35    3  0.22681E+05 8475
    8.20  43.95    2  0.21084E+05 8476
    14.00  42.85    2  0.22851E+05 8477
    8.30  44.05    3  0.25264E+05 8478
    8.50  44.25    2  0.20018E+05 8480
    8.30  40.55    4  0.26492E+05 8481
    13.60  38.05    1  0.28172E+05 8483
    16.00  39.15    2  0.25006E+05 8485
    13.50  43.65    7  0.23987E+05 8486
    12.60  41.45    5  0.24781E+05 8487
    8.70  44.35    2  0.21657E+05 8489
    9.50  41.15    2  0.23899E+05 8490
    9.10  39.15    3  0.27029E+05 8491
    15.30  37.25    4  0.23878E+05 8492
    15.20  36.95    4  0.22720E+05 8493
    14.10  40.75    3  0.27400E+05 8494
    13.60  38.05    5  0.25274E+05 8495
    15.80  38.35    2  0.20122E+05 8496
    15.10  38.15    4  0.26839E+05 8497
    16.90  41.15   10  0.25887E+05 8498
    16.30  41.35    6  0.26979E+05 8499
    12.50  44.15    2  0.31903E+05 8500
    15.80  39.65    1  0.36225E+05 8501
    13.10  45.55    2  0.22250E+05 8503
    16.50  41.25    5  0.24928E+05 8504
    7.70  43.75    2  0.20393E+05 8505
    8.40  40.25    1  0.31973E+05 8507
    16.20  38.15    1  0.34097E+05 8509
    18.00  40.65    6  0.26426E+05 8511
    8.40  39.85    1  0.35291E+05 8513
    9.10  39.15    8  0.24871E+05 8514
    15.70  41.95    1  0.30459E+05 8515
    9.70  40.25    1  0.33248E+05 8516
    13.70  43.55    1  0.28750E+05 8517
    17.60  40.25    1  0.28613E+05 8519
    12.90  45.55    2  0.22214E+05 8521
    13.20  38.25    2  0.19969E+05 8522
    14.70  38.15    2  0.23798E+05 8524
    14.30  40.55    1  0.29048E+05 8526
    17.00  39.55    1  0.33662E+05 8527
    17.80  40.75    2  0.28089E+05 8528
    13.90  40.75    1  0.32582E+05 8529
    13.90  41.05    3  0.24987E+05 8530
    13.60  38.05    2  0.20700E+05 8531
    14.90  40.25    1  0.31980E+05 8532
    12.90  38.05    2  0.26790E+05 8533
    10.90  42.75    1  0.29583E+05 8536
    15.10  38.15    1  0.28366E+05 8537
    15.10  37.45   10  0.25136E+05 8538
    16.70  38.85    6  0.26881E+05 8539
    12.70  44.05    2  0.28810E+05 8540
    10.50  43.25    3  0.28116E+05 8541
    14.00  38.05    2  0.24838E+05 8542
    12.40  44.25    3  0.27978E+05 8544
    12.40  44.25    3  0.26071E+05 8545
    15.90  39.45    2  0.19301E+05 8546
    9.30  44.25    3  0.27583E+05 8547
    12.40  45.25    5  0.23990E+05 8548
    13.00  38.15    2  0.21360E+05 8549
    17.20  39.35    2  0.26376E+05 8550
    13.70  43.35    4  0.26437E+05 8551
    11.80  42.05    5  0.24354E+05 8552
    12.30  44.65    3  0.24406E+05 8554
    12.40  45.05    2  0.26118E+05 8555
    17.20  39.05    5  0.26508E+05 8556
    13.60  45.55    1  0.33789E+05 8559
    9.10  39.15    1  0.34787E+05 8560
    12.70  45.45    2  0.23451E+05 8561
    14.30  40.75    5  0.25050E+05 8562
    12.50  38.05    3  0.28219E+05 8563
    13.40  43.65    3  0.27700E+05 8564
    13.10  43.85    5  0.27049E+05 8566
    13.90  43.15    4  0.25322E+05 8567
    8.40  44.15    2  0.21686E+05 8569
    12.20  41.75    5  0.28022E+05 8570
    15.30  37.15    3  0.24296E+05 8571
    12.80  41.35    7  0.25470E+05 8572
    10.70  42.85    3  0.23694E+05 8573
    13.90  40.75    2  0.29598E+05 8574
    13.60  41.25    4  0.25179E+05 8575
    10.10  43.95    1  0.30676E+05 8576
    14.30  42.45    3  0.25456E+05 8578
    16.00  39.35    1  0.32579E+05 8579
    13.60  41.25    3  0.23329E+05 8581
    17.90  40.05    3  0.22837E+05 8583
    14.20  37.05    6  0.24689E+05 8584
    9.10  44.35   13  0.25930E+05 8585
    15.30  37.75    1  0.36969E+05 8586
    15.20  37.75    3  0.27617E+05 8587
    15.90  38.45    2  0.31161E+05 8588
    16.70  41.25    3  0.22525E+05 8589
    14.00  42.75    3  0.24719E+05 8590
    13.90  42.95    2  0.27287E+05 8594
    12.70  45.45    3  0.25969E+05 8595
    8.00  43.75    4  0.27064E+05 8596
    13.80  40.75    2  0.31397E+05 8597
    8.30  39.05    1  0.26110E+05 8598
    9.80  40.65    2  0.21585E+05 8599
    9.50  41.25    2  0.22040E+05 8600
    9.90  44.05    6  0.27170E+05 8601
    12.00  41.95    4  0.26290E+05 8602
    9.30  44.25    2  0.23631E+05 8604
    9.90  44.05    2  0.19784E+05 8605
    15.40  41.95    1  0.25962E+05 8606
    13.90  37.05    4  0.25843E+05 8608
    10.20  43.85    4  0.22944E+05 8609
    16.90  40.35    2  0.22519E+05 8610
    12.30  41.65   32  0.26033E+05 8611
    17.30  40.35    2  0.20504E+05 8612
    13.10  45.55    1  0.26974E+05 8613
    15.00  38.45    2  0.21070E+05 8614
    10.30  43.45    8  0.25075E+05 8615
    8.30  44.15    2  0.21959E+05 8616
    16.30  38.25    2  0.23452E+05 8617
    13.70  43.45    2  0.22679E+05 8618
    16.00  41.65    5  0.25584E+05 8620
    16.20  41.35    2  0.23015E+05 8623
    15.40  39.95    1  0.29041E+05 8624
    10.00  43.95    5  0.27400E+05 8625
    10.50  43.15    1  0.34374E+05 8626
    16.30  38.25    1  0.27142E+05 8627
    11.00  42.65    6  0.25204E+05 8628
    10.10  43.95    6  0.23702E+05 8629
    10.20  43.65    6  0.26125E+05 8630
    14.60  36.75    6  0.24100E+05 8631
    8.50  39.85    4  0.22883E+05 8632
    12.80  37.55    3  0.29588E+05 8633
    12.40  37.75    6  0.25459E+05 8634
    16.10  41.65    1  0.26358E+05 8635
    12.50  37.65    5  0.24153E+05 8636
    15.80  37.85    2  0.21337E+05 8637
    12.90  37.55    2  0.23550E+05 8638
    15.60  38.05    9  0.25947E+05 8639
    15.30  38.25    4  0.23109E+05 8640
    17.10  41.15    3  0.26740E+05 8641
    16.60  41.25    5  0.26183E+05 8642
    13.20  43.75    2  0.22173E+05 8644
    13.90  41.05    3  0.27294E+05 8645
    13.60  45.55    3  0.27899E+05 8646
    17.30  40.95    5  0.23656E+05 8647
    11.50  42.35    1  0.34624E+05 8648
    16.00  41.65    2  0.24047E+05 8649
    14.20  42.55    5  0.23891E+05 8650
    13.60  45.55    2  0.24279E+05 8651
    14.30  40.75   16  0.26383E+05 8653
    12.60  41.45    4  0.28683E+05 8654
    16.70  40.05    1  0.27042E+05 8657
    9.60  40.95    5  0.25011E+05 8659
    11.10  42.45    2  0.26835E+05 8660
    9.70  40.35    1  0.27274E+05 8661
    14.50  42.35    3  0.25003E+05 8662
    15.10  36.65    3  0.23509E+05 8665
    14.90  40.45    3  0.23648E+05 8666
    13.40  38.15   14  0.24904E+05 8668
    13.70  37.15    3  0.25188E+05 8670
    8.10  40.75    7  0.26445E+05 8671
    15.80  38.35    3  0.21551E+05 8672
    16.00  39.35    2  0.29089E+05 8673
    15.00  38.15    2  0.24346E+05 8674
    12.90  43.95    6  0.27067E+05 8676
    14.30  42.45    7  0.25849E+05 8677
    8.30  44.15    1  0.36012E+05 8679
    10.20  43.85    3  0.25685E+05 8680
    14.10  42.65    2  0.25965E+05 8681
    10.50  42.85    4  0.24106E+05 8682
    16.10  38.75    1  0.35650E+05 8684
    8.50  40.85    2  0.23448E+05 8685
    17.30  41.05    2  0.30166E+05 8687
    12.30  44.75    2  0.23112E+05 8688
    14.80  40.65    3  0.25839E+05 8689
    11.20  42.35    2  0.23714E+05 8690
    13.50  37.25    2  0.29524E+05 8693
    13.70  43.45    2  0.22424E+05 8695
    13.80  43.25    2  0.28402E+05 8696
    13.80  43.25    3  0.26112E+05 8697
    11.10  42.45    2  0.23714E+05 8698
    12.50  44.85    2  0.19378E+05 8699
    8.50  40.85    3  0.23937E+05 8700
    10.30  42.85    2  0.22464E+05 8701
    13.70  43.35    2  0.28003E+05 8706
    14.90  36.65    2  0.31932E+05 8707
    15.70  39.85    1  0.27395E+05 8708
    14.10  40.75    2  0.20069E+05 8709
    9.00  38.95    1  0.29216E+05 8710
    12.60  45.45    1  0.31765E+05 8711
    9.20  39.15    6  0.23800E+05 8712
    9.30  44.25    3  0.29532E+05 8713
    12.30  44.45    8  0.24897E+05 8714
    9.10  44.35    2  0.19407E+05 8715
    15.60  38.05    8  0.26466E+05 8716
    12.70  44.05    4  0.24372E+05 8717
    12.60  44.05    7  0.27301E+05 8718
    16.40  38.25    1  0.27089E+05 8722
    13.50  45.55    2  0.22318E+05 8724
    14.10  42.65    3  0.25724E+05 8725
    10.40  43.35    4  0.22989E+05 8726
    12.40  45.05    1  0.26218E+05 8727
    18.30  40.45    6  0.27085E+05 8728
    13.10  41.15    1  0.26221E+05 8729
    10.50  43.05    1  0.28027E+05 8734
    16.20  38.85    6  0.23725E+05 8739
    15.40  37.95    1  0.35657E+05 8741
    12.90  41.35    3  0.21506E+05 8742
    13.90  42.95    5  0.23270E+05 8743
    7.80  43.75    5  0.25948E+05 8744
    8.50  39.05    2  0.21780E+05 8745
    11.80  42.05    2  0.30640E+05 8746
    14.60  38.15    2  0.23933E+05 8747
    15.60  40.05    1  0.28218E+05 8748
    8.50  44.25    5  0.26747E+05 8750
    15.80  39.75    2  0.20283E+05 8751
    13.10  37.45    4  0.26576E+05 8752
    12.80  37.55    3  0.29588E+05 8754
    13.20  43.75    4  0.27922E+05 8755
    9.40  44.25    2  0.31440E+05 8756
    16.30  38.25    2  0.30612E+05 8757
    14.20  42.55    2  0.27565E+05 8758
    8.50  40.85    2  0.26273E+05 8760
    16.60  38.65    1  0.36898E+05 8761
    7.90  43.75    2  0.25668E+05 8765
    12.60  44.95    1  0.33316E+05 8766
    15.30  37.85    2  0.20803E+05 8767
    17.20  40.45    8  0.26843E+05 8768
    13.70  38.05    3  0.27582E+05 8770
    15.00  42.05    4  0.23087E+05 8771
    10.20  43.65    6  0.26125E+05 8772
    14.40  40.75    4  0.27674E+05 8774
    17.50  40.85    4  0.25588E+05 8775
    14.40  40.75    6  0.26110E+05 8776
    15.60  41.95    2  0.28083E+05 8777
    9.70  39.95    2  0.20261E+05 8778
    14.00  42.85    1  0.37986E+05 8779
    13.70  38.05    1  0.36670E+05 8780
    16.40  41.35    5  0.24764E+05 8781
    12.50  38.05    6  0.23676E+05 8782
    16.60  39.85    1  0.36078E+05 8783
    15.20  37.55    3  0.23191E+05 8784
    18.40  39.95    2  0.30275E+05 8785
    13.60  45.55    9  0.24410E+05 8786
    16.10  41.45    2  0.25840E+05 8787
    15.90  38.75    1  0.27221E+05 8788
    8.50  44.25    1  0.33238E+05 8789
    8.60  44.35    2  0.24745E+05 8790
    14.80  42.15    4  0.26108E+05 8791
    12.40  45.35    9  0.27003E+05 8792
    7.60  43.75    3  0.26295E+05 8793
    10.20  43.85    5  0.27109E+05 8794
    16.00  41.95    1  0.31464E+05 8795
    14.40  40.65    3  0.22712E+05 8796
    14.80  40.65    1  0.32609E+05 8798
    15.60  38.35    2  0.24699E+05 8799
    15.40  38.25    1  0.34731E+05 8800
    35.60  34.05   17  0.25147E+05 8803
    35.60  34.15    8  0.26932E+05 8804
    35.40  33.65   11  0.25885E+05 8805
    35.40  33.75    3  0.26795E+05 8806
    35.40  33.75    6  0.26420E+05 8807
    35.60  34.05    7  0.25857E+05 8808
    35.60  34.05   22  0.25546E+05 8809
    35.50  33.95   50  0.25682E+05 8810
    35.30  33.55   20  0.25282E+05 8811
    35.20  33.35   15  0.26266E+05 8812
    35.20  33.35   12  0.25080E+05 8813
    35.60  34.25    6  0.26420E+05 8814
    35.70  34.35    4  0.24779E+05 8815
    35.70  34.35    4  0.26117E+05 8816
    35.80  34.45   30  0.26057E+05 8817
    35.90  34.55   15  0.25523E+05 8818
    35.60  34.15    8  0.24403E+05 8819
    35.50  33.95   11  0.26015E+05 8820
    35.50  33.95   13  0.24958E+05 8821
    35.50  33.95   10  0.26798E+05 8822
    35.50  33.95    1  0.31230E+05 8823
    35.50  33.95    9  0.24708E+05 8824
    35.50  33.95   17  0.26045E+05 8825
    35.50  33.95   12  0.25080E+05 8826
    35.50  33.95    7  0.26069E+05 8827
    35.50  33.95    2  0.26650E+05 8828
    35.50  33.95    3  0.28949E+05 8829
    35.50  33.95    4  0.23565E+05 8830
    13.20  32.95   52  0.25501E+05 8831
    20.00  32.15   12  0.25733E+05 8835
    20.80  32.65    8  0.26055E+05 8837
    20.80  32.65    8  0.24329E+05 8838
    24.00  32.15   13  0.25608E+05 8839
    21.70  32.95   17  0.25802E+05 8840
    22.70  32.75   11  0.25266E+05 8841
    22.00  32.95    2  0.31973E+05 8842
    22.80  32.75    2  0.29686E+05 8843
    23.10  32.35    1  0.36117E+05 8844
    15.30  32.35   18  0.25441E+05 8845
    15.30  32.35   18  0.25441E+05 8846
    14.10  32.75    8  0.26382E+05 8847
    14.30  32.65   16  0.25358E+05 8848
    14.50  32.55   18  0.25407E+05 8849
    16.60  31.25   13  0.26274E+05 8850
    19.80  30.65   14  0.24840E+05 8851
    12.70  32.85   16  0.25265E+05 8852
    12.50  32.85   12  0.25950E+05 8853
    12.60  32.85    6  0.23979E+05 8855
    19.20  30.35    4  0.28368E+05 8856
    14.50  35.75    2  0.25278E+05 8858
    -3.90  35.25   11  0.24998E+05 8892
    -4.40  35.25    4  0.23550E+05 8893
    -3.80  35.25   24  0.26246E+05 8894
    -3.90  35.25    1  0.31024E+05 8895
    -2.30  35.15   13  0.25354E+05 8896
    -2.40  35.15    1  0.29483E+05 8897
    -2.30  35.15    1  0.31138E+05 8898
    -2.10  35.15    6  0.23626E+05 8899
    -4.90  35.35    8  0.24668E+05 8900
    -2.90  35.25   20  0.25638E+05 8901
    -3.50  35.25    3  0.28865E+05 8902
    -2.70  35.15    8  0.26892E+05 8903
    -2.60  35.15    7  0.27274E+05 8904
    -2.90  35.35    4  0.22592E+05 8905
    -4.90  35.35    2  0.20700E+05 8906
    -2.00  35.15   24  0.25732E+05 8907
    -5.60  35.85    2  0.20544E+05 8909
    -5.80  35.85   30  0.25453E+05 8910
    -5.30  35.85   11  0.24564E+05 8911
    -5.20  35.65    9  0.25091E+05 8912
    -5.20  35.55   25  0.26093E+05 8913
    7.50  43.75    4  0.25507E+05 8914
    7.50  43.75    4  0.25507E+05 8915
    18.50  42.35    7  0.26675E+05 8916
    18.50  42.35    6  0.25908E+05 8917
    18.60  42.35    3  0.25877E+05 8918
    19.10  42.05    9  0.24823E+05 8919
    19.20  41.85    6  0.23712E+05 8921
    13.60  45.55    4  0.27351E+05 8922
    13.60  45.55    2  0.24685E+05 8923
    0.80  40.85    1  0.32366E+05 8924
    3.20  42.15    1  0.30306E+05 8929
    1.10  41.05    1  0.28933E+05 8931
    3.00  41.75    1  0.26060E+05 8933
    1.40  41.05    3  0.29602E+05 8934
    2.50  41.55    3  0.24606E+05 8935
    3.30  42.05    3  0.22987E+05 8936
    3.10  41.75    5  0.26697E+05 8937
    2.60  41.55    2  0.27441E+05 8939
    0.60  40.55    1  0.26265E+05 8940
    2.80  41.65    5  0.24486E+05 8941
    1.60  41.15    4  0.23479E+05 8942
    1.10  41.05    6  0.24353E+05 8943
    2.80  41.65    5  0.24753E+05 8944
    3.20  42.35    3  0.29614E+05 8945
    0.60  40.55    3  0.24103E+05 8946
    1.80  41.15    5  0.25389E+05 8947
    1.70  41.15    7  0.25165E+05 8948
    2.30  41.35   26  0.25657E+05 8949
    2.10  41.25   20  0.26328E+05 8950
    2.70  41.55    9  0.24298E+05 8951
    3.20  41.85    6  0.27373E+05 8952
    2.60  41.55    3  0.29030E+05 8953
    2.00  41.25   10  0.26004E+05 8954
    2.30  41.45    7  0.25743E+05 8955
    2.50  41.55    8  0.26710E+05 8956
    3.10  41.75    5  0.26697E+05 8957
    1.30  41.05    8  0.27214E+05 8958
    1.60  41.15    5  0.26299E+05 8959
    3.20  42.15    2  0.25310E+05 8960
    2.50  41.55    3  0.24613E+05 8961
    1.40  41.05    4  0.24485E+05 8962
    1.60  41.15    4  0.25684E+05 8963
    1.10  41.05    8  0.24145E+05 8964
    0.50  40.15    2  0.20150E+05 8965
    -0.60  38.15    9  0.26629E+05 8967
    -0.10  38.95    2  0.19995E+05 8971
    -0.70  37.95    5  0.24015E+05 8972
    -0.60  38.05    2  0.22303E+05 8975
    -0.60  38.05    1  0.32396E+05 8976
    -0.20  39.25    3  0.23461E+05 8978
    -0.20  39.15    1  0.33229E+05 8981
    0.30  40.15    1  0.31165E+05 8982
    -0.30  39.45    2  0.21142E+05 8986
    -0.40  38.35    9  0.26035E+05 8988
    -0.50  38.35   12  0.25745E+05 8989
    0.50  40.35    6  0.24221E+05 8990
    -0.10  38.45   10  0.24585E+05 8991
    0.10  38.65    4  0.23581E+05 8992
    0.10  39.95   10  0.25921E+05 8993
    -0.20  39.15    3  0.23671E+05 8994
    0.20  38.85    6  0.24164E+05 8995
    -0.10  38.95    8  0.25809E+05 8996
    0.20  38.85    3  0.26341E+05 8997
    -0.10  39.75    1  0.34979E+05 8998
    -0.10  38.95    2  0.19988E+05 8999
    -0.20  39.65    6  0.24779E+05 9000
    -0.60  38.15    6  0.24632E+05 9001
    -0.20  39.15    3  0.29030E+05 9002
    -0.70  37.95    8  0.25698E+05 9003
    -0.30  39.45    9  0.25654E+05 9004
    -0.30  39.45   10  0.25124E+05 9005
    -0.30  39.35   11  0.25010E+05 9006
    -0.30  39.35   17  0.25213E+05 9007
    0.50  40.45    4  0.26008E+05 9008
    2.40  39.45    1  0.36321E+05 9009
    3.30  39.35    1  0.30976E+05 9010
    3.80  39.95    2  0.30729E+05 9025
    3.80  39.95    5  0.27542E+05 9026
    1.50  38.85    6  0.27508E+05 9027
    4.30  39.85    5  0.23565E+05 9028
    2.60  39.45    3  0.29974E+05 9029
    2.60  39.45   13  0.25157E+05 9030
    -0.80  37.55    1  0.36430E+05 9032
    -1.60  37.35    5  0.24276E+05 9033
    -0.80  37.75    4  0.23082E+05 9034
    -1.00  37.55    9  0.25085E+05 9035
    -0.80  37.75    6  0.24416E+05 9036
    -1.30  37.55    5  0.23530E+05 9037
    -0.70  37.75    3  0.28608E+05 9038
    -0.70  37.85    3  0.26793E+05 9039
    -2.90  36.65    1  0.29125E+05 9041
    -3.90  36.65    2  0.28426E+05 9045
    -1.70  37.25    2  0.22478E+05 9046
    35.80  35.45    5  0.27072E+05 9047
    35.80  34.95    2  0.31805E+05 9048
    35.90  35.25    2  0.24188E+05 9049
    35.70  35.55    2  0.29214E+05 9050
    35.90  35.15   16  0.24981E+05 9051
    35.80  35.45    3  0.29516E+05 9052
    35.30  33.55    5  0.24151E+05 9053
    35.80  35.45    3  0.22786E+05 9054
    35.90  35.35   20  0.25885E+05 9055
    35.70  35.55   43  0.25908E+05 9056
    35.80  34.85   27  0.25324E+05 9057
    10.70  36.95   46  0.25886E+05 9058
    9.90  37.35   40  0.25712E+05 9059
    8.80  37.05   36  0.25690E+05 9060
    8.80  37.05   32  0.25463E+05 9061
    10.30  36.95   34  0.25634E+05 9062
    10.20  37.05   38  0.25880E+05 9063
    10.40  36.85   54  0.25635E+05 9064
    10.40  36.85   41  0.25605E+05 9065
    10.50  36.25   25  0.26224E+05 9066
    27.40  36.95    2  0.27151E+05 9072
    28.30  36.75    1  0.37610E+05 9073
    29.40  36.15    1  0.25723E+05 9074
    30.70  36.75   32  0.25571E+05 9075
    27.40  36.95    7  0.25124E+05 9076
    28.70  36.65    6  0.23622E+05 9077
    26.80  39.05    4  0.27465E+05 9078
    29.00  36.65   11  0.25325E+05 9080
    32.30  36.15    5  0.27258E+05 9081
    35.90  36.65   16  0.25940E+05 9082
    30.60  36.55    5  0.25768E+05 9084
    30.60  36.55    7  0.24789E+05 9085
    31.30  36.75   12  0.24650E+05 9086
    28.30  36.75    7  0.24350E+05 9087
    28.70  36.65    6  0.25634E+05 9088
    31.10  36.75    9  0.25998E+05 9089
    34.20  36.35    9  0.26153E+05 9091
    34.80  36.75   17  0.26312E+05 9092
    35.90  36.15    8  0.26945E+05 9093
    27.20  37.85   10  0.25812E+05 9094
    35.90  36.55   14  0.25648E+05 9095
    30.20  36.15    3  0.27160E+05 9096
    35.90  36.75   11  0.24900E+05 9097
    26.20  38.35    5  0.26091E+05 9099
    26.70  39.25    7  0.27273E+05 9101
    32.90  36.05    7  0.26437E+05 9102
    32.00  36.45   12  0.26243E+05 9103
    30.20  36.25    2  0.31769E+05 9104
    33.90  36.25    3  0.21943E+05 9105
    35.90  36.05    2  0.24601E+05 9106
    27.20  37.75    2  0.30700E+05 9107
    31.40  36.75    2  0.28648E+05 9108
    30.20  36.25    2  0.31904E+05 9109
    34.80  36.75    3  0.24457E+05 9110
    30.30  36.25    2  0.31541E+05 9111
    35.90  36.15    3  0.21945E+05 9113
    27.40  36.95    3  0.23341E+05 9114
    29.60  36.15    2  0.26734E+05 9115
    35.30  36.45    3  0.21516E+05 9116
    35.90  36.75    2  0.24457E+05 9117
    35.10  36.45    2  0.28277E+05 9118
    26.20  40.55    2  0.30720E+05 9119
    35.90  36.75    3  0.23034E+05 9120
    27.20  37.75    2  0.23456E+05 9121
    35.90  36.45    2  0.30487E+05 9122
    27.20  37.75    3  0.23721E+05 9124
    27.70  36.65    3  0.24620E+05 9125
    31.30  36.75    2  0.23958E+05 9126
    30.30  36.25    2  0.22694E+05 9127
    35.90  36.65    2  0.28352E+05 9128
    26.10  39.65    2  0.29061E+05 9129
    33.30  36.05    2  0.30623E+05 9130
    31.70  36.55    3  0.21540E+05 9131
    34.10  36.35    2  0.27717E+05 9132
    34.40  36.65    2  0.23972E+05 9134
    26.60  39.45    2  0.24227E+05 9135
    26.30  38.45    3  0.22488E+05 9136
    35.90  36.75    3  0.22610E+05 9137
